label:
2375
0	-72.3798
0.01	-72.2883
0.02	-72.1662
0.03	-72.2272
0.04	-72.2883
0.05	-72.1662
0.06	-72.3188
0.07	-72.3188
0.08	-72.1662
0.09	-72.3188
0.1	-72.2578
0.11	-72.1357
0.12	-72.3188
0.13	-72.1662
0.14	-72.1662
0.15	-72.3188
0.16	-72.1967
0.17	-72.2578
0.18	-72.3493
0.19	-72.1357
0.2	-72.2578
0.21	-72.3188
0.22	-72.2272
0.23	-72.3493
0.24	-72.3188
0.25	-72.1357
0.26	-72.3798
0.27	-72.2883
0.28	-72.1967
0.29	-72.2883
0.3	-72.2578
0.31	-72.1357
0.32	-72.3188
0.33	-72.1662
0.34	-72.2272
0.35	-72.3493
0.36	-72.1967
0.37	-72.2272
0.38	-72.3493
0.39	-72.2578
0.4	-72.2578
0.41	-72.2883
0.42	-72.2272
0.43	-72.2578
0.44	-72.3493
0.45	-72.1967
0.46	-72.3188
0.47	-72.3188
0.48	-72.2272
0.49	-72.3493
0.5	-72.3798
0.51	-72.2272
0.52	-72.3188
0.53	-72.3188
0.54	-72.1662
0.55	-72.3493
0.56	-72.3493
0.57	-72.1967
0.58	-72.2883
0.59	-72.1967
0.6	-72.0746
0.61	-72.2883
0.62	-72.1357
0.63	-72.1357
0.64	-72.3493
0.65	-72.1662
0.66	-72.1662
0.67	-72.3188
0.68	-72.1052
0.69	-72.2578
0.7	-72.2883
0.71	-72.0746
0.72	-72.2883
0.73	-72.2883
0.74	-72.1052
0.75	-72.3188
0.76	-72.2272
0.77	-72.1357
0.78	-72.3188
0.79	-72.2578
0.8	-72.2272
0.81	-72.3188
0.82	-72.2883
0.83	-72.2272
0.84	-72.2883
0.85	-72.1662
0.86	-72.2578
0.87	-72.2883
0.88	-72.1967
0.89	-72.1967
0.9	-72.2883
0.91	-72.1967
0.92	-72.2883
0.93	-72.3188
0.94	-72.1967
0.95	-72.3493
0.96	-72.3798
0.97	-72.2578
0.98	-72.3493
0.99	-72.3798
1	-72.3188
1.01	-72.3493
1.02	-72.3798
1.03	-72.1967
1.04	-72.3798
1.05	-72.3493
1.06	-72.1967
1.07	-72.3798
1.08	-72.2578
1.09	-72.1662
1.1	-72.3188
1.11	-72.1967
1.12	-72.1662
1.13	-72.3188
1.14	-72.1662
1.15	-72.2272
1.16	-72.3493
1.17	-72.1662
1.18	-72.1967
1.19	-72.3188
1.2	-72.0746
1.21	-72.2578
1.22	-72.2883
1.23	-72.1052
1.24	-72.2578
1.25	-72.2272
1.26	-72.1052
1.27	-72.2578
1.28	-72.1967
1.29	-72.1357
1.3	-72.3188
1.31	-72.1967
1.32	-72.1967
1.33	-72.3188
1.34	-72.1967
1.35	-72.1967
1.36	-72.3493
1.37	-72.2272
1.38	-72.2883
1.39	-72.4104
1.4	-72.2272
1.41	-72.2272
1.42	-72.3188
1.43	-72.1662
1.44	-72.2883
1.45	-72.2578
1.46	-72.1357
1.47	-72.2883
1.48	-72.2883
1.49	-72.1662
1.5	-72.2883
1.51	-72.2272
1.52	-72.1357
1.53	-72.2883
1.54	-72.2578
1.55	-72.1357
1.56	-72.3493
1.57	-72.2272
1.58	-72.1357
1.59	-72.3493
1.6	-72.2272
1.61	-72.1967
1.62	-72.4104
1.63	-72.1967
1.64	-72.2578
1.65	-72.3493
1.66	-72.1357
1.67	-72.2883
1.68	-72.3188
1.69	-72.1662
1.7	-72.2272
1.71	-72.2578
1.72	-72.1357
1.73	-72.2883
1.74	-72.1967
1.75	-72.1662
1.76	-72.2883
1.77	-72.2272
1.78	-72.1967
1.79	-72.3493
1.8	-72.1967
1.81	-72.1052
1.82	-72.2883
1.83	-72.2272
1.84	-72.2272
1.85	-72.3188
1.86	-72.1967
1.87	-72.2578
1.88	-72.3188
1.89	-72.1662
1.9	-72.2272
1.91	-72.2578
1.92	-72.1357
1.93	-72.1967
1.94	-72.2883
1.95	-72.1052
1.96	-72.1967
1.97	-72.2272
1.98	-72.1052
1.99	-72.2883
2	-72.2272
2.01	-72.0746
2.02	-72.2578
2.03	-72.2272
2.04	-72.1052
2.05	-72.2883
2.06	-72.1967
2.07	-72.1357
2.08	-72.3188
2.09	-72.1662
2.1	-72.1662
2.11	-72.3188
2.12	-72.1357
2.13	-72.1967
2.14	-72.2883
2.15	-72.1357
2.16	-72.2272
2.17	-72.2883
2.18	-72.1357
2.19	-72.2272
2.2	-72.2272
2.21	-72.1052
2.22	-72.2272
2.23	-72.1967
2.24	-72.0746
2.25	-72.2883
2.26	-72.1967
2.27	-72.1052
2.28	-72.3188
2.29	-72.2272
2.3	-72.1662
2.31	-72.2883
2.32	-72.1357
2.33	-72.1967
2.34	-72.2883
2.35	-72.1357
2.36	-72.2883
2.37	-72.2883
2.38	-72.1662
2.39	-72.1967
2.4	-72.1967
2.41	-72.2272
2.42	-72.2272
2.43	-72.2883
2.44	-72.1052
2.45	-72.2578
2.46	-72.2578
2.47	-72.1052
2.48	-72.2578
2.49	-72.2578
2.5	-72.1052
2.51	-72.2883
2.52	-72.1967
2.53	-72.1357
2.54	-72.2578
2.55	-72.1967
2.56	-72.1662
2.57	-72.3493
2.58	-72.2272
2.59	-72.1967
2.6	-72.3798
2.61	-72.2578
2.62	-72.2578
2.63	-72.4409
2.64	-72.2272
2.65	-72.2883
2.66	-72.3798
2.67	-72.1052
2.68	-72.2883
2.69	-72.3188
2.7	-72.1357
2.71	-72.2883
2.72	-72.2578
2.73	-72.1052
2.74	-72.3188
2.75	-72.2272
2.76	-72.1662
2.77	-72.3493
2.78	-72.1967
2.79	-72.1967
2.8	-72.3188
2.81	-72.1662
2.82	-72.2272
2.83	-72.3493
2.84	-72.1357
2.85	-72.1967
2.86	-72.2883
2.87	-72.1662
2.88	-72.2578
2.89	-72.2578
2.9	-72.1967
2.91	-72.2272
2.92	-72.2883
2.93	-72.1662
2.94	-72.2578
2.95	-72.2272
2.96	-72.1052
2.97	-72.1967
2.98	-72.2272
2.99	-72.0441
3	-72.2272
3.01	-72.2272
3.02	-72.1357
3.03	-72.2578
3.04	-72.1662
3.05	-72.1052
3.06	-72.3188
3.07	-72.2272
3.08	-72.1052
3.09	-72.2578
3.1	-72.0746
3.11	-72.1357
3.12	-72.2272
3.13	-72.0136
3.14	-72.1357
3.15	-72.2883
3.16	-72.1052
3.17	-72.1967
3.18	-72.2883
3.19	-72.1357
3.2	-72.2578
3.21	-72.1967
3.22	-72.1052
3.23	-72.2883
3.24	-72.1662
3.25	-72.1967
3.26	-72.3188
3.27	-72.1662
3.28	-72.2272
3.29	-72.4104
3.3	-72.2272
3.31	-72.2883
3.32	-72.3188
3.33	-72.2272
3.34	-72.3188
3.35	-72.2883
3.36	-72.1967
3.37	-72.2272
3.38	-72.2578
3.39	-72.1662
3.4	-72.2578
3.41	-72.3188
3.42	-72.1967
3.43	-72.2272
3.44	-72.2883
3.45	-72.1357
3.46	-72.2578
3.47	-72.2272
3.48	-72.1357
3.49	-72.2883
3.5	-72.2272
3.51	-72.1052
3.52	-72.2883
3.53	-72.2272
3.54	-72.1052
3.55	-72.2883
3.56	-72.1967
3.57	-72.1967
3.58	-72.2883
3.59	-72.1662
3.6	-72.1357
3.61	-72.3188
3.62	-72.1357
3.63	-72.2578
3.64	-72.2883
3.65	-72.1357
3.66	-72.2578
3.67	-72.2272
3.68	-72.0441
3.69	-72.2578
3.7	-72.1662
3.71	-72.0746
3.72	-72.2578
3.73	-72.1967
3.74	-72.1357
3.75	-72.3188
3.76	-72.1052
3.77	-72.1052
3.78	-72.2272
3.79	-72.0746
3.8	-72.1662
3.81	-72.2578
3.82	-72.0441
3.83	-72.1967
3.84	-72.1967
3.85	-72.0441
3.86	-72.1357
3.87	-72.1357
3.88	-72.1052
3.89	-72.1357
3.9	-72.2883
3.91	-72.1357
3.92	-72.1967
3.93	-72.1662
3.94	-72.0441
3.95	-72.2883
3.96	-72.2272
3.97	-72.0746
3.98	-72.2272
3.99	-72.2272
4	-72.0136
4.01	-72.2883
4.02	-72.1662
4.03	-72.0746
4.04	-72.2578
4.05	-72.1357
4.06	-72.1357
4.07	-72.3188
4.08	-72.1357
4.09	-72.1662
4.1	-72.3188
4.11	-72.1357
4.12	-72.2578
4.13	-72.3188
4.14	-72.1662
4.15	-72.2883
4.16	-72.2883
4.17	-72.1357
4.18	-72.2578
4.19	-72.1967
4.2	-72.1357
4.21	-72.2883
4.22	-72.2272
4.23	-72.1357
4.24	-72.3188
4.25	-72.1357
4.26	-72.1662
4.27	-72.3493
4.28	-72.1967
4.29	-72.2272
4.3	-72.2883
4.31	-72.1357
4.32	-72.2272
4.33	-72.2272
4.34	-72.1052
4.35	-72.1357
4.36	-72.1967
4.37	-72.0746
4.38	-72.1357
4.39	-72.1052
4.4	-72.0441
4.41	-72.1357
4.42	-72.1357
4.43	-72.0441
4.44	-72.1967
4.45	-72.1967
4.46	-72.0441
4.47	-72.2272
4.48	-72.1357
4.49	-72.0441
4.5	-72.1662
4.51	-72.1052
4.52	-72.0746
4.53	-72.2272
4.54	-72.0136
4.55	-72.0441
4.56	-72.2578
4.57	-72.1052
4.58	-72.1357
4.59	-72.2272
4.6	-72.0441
4.61	-72.1662
4.62	-72.2578
4.63	-72.0746
4.64	-72.2578
4.65	-72.1967
4.66	-72.0746
4.67	-72.2272
4.68	-72.1967
4.69	-72.1052
4.7	-72.2883
4.71	-72.1357
4.72	-72.0746
4.73	-72.2578
4.74	-72.1357
4.75	-72.1662
4.76	-72.2578
4.77	-72.1357
4.78	-72.1967
4.79	-72.3188
4.8	-72.1662
4.81	-72.2272
4.82	-72.2272
4.83	-72.1052
4.84	-72.2272
4.85	-72.1967
4.86	-72.1052
4.87	-72.1967
4.88	-72.2578
4.89	-72.1052
4.9	-72.2272
4.91	-72.2272
4.92	-72.1662
4.93	-72.3188
4.94	-72.2578
4.95	-72.1662
4.96	-72.3493
4.97	-72.1967
4.98	-72.1052
4.99	-72.2883
5	-72.1357
5.01	-72.1052
5.02	-72.3188
5.03	-72.1662
5.04	-72.1662
5.05	-72.2883
5.06	-72.1662
5.07	-72.1967
5.08	-72.2272
5.09	-72.0746
5.1	-72.1967
5.11	-72.1967
5.12	-72.0136
5.13	-72.2578
5.14	-72.2578
5.15	-72.1052
5.16	-72.2883
5.17	-72.1357
5.18	-72.1052
5.19	-72.2883
5.2	-72.1052
5.21	-72.1052
5.22	-72.2883
5.23	-72.1662
5.24	-72.1967
5.25	-72.2578
5.26	-72.1662
5.27	-72.1967
5.28	-72.2272
5.29	-72.1357
5.3	-72.1967
5.31	-72.2272
5.32	-72.1052
5.33	-72.1967
5.34	-72.2578
5.35	-72.1662
5.36	-72.1967
5.37	-72.2578
5.38	-72.1052
5.39	-72.1967
5.4	-72.1357
5.41	-72.1052
5.42	-72.1662
5.43	-72.1662
5.44	-72.0441
5.45	-72.1662
5.46	-72.1052
5.47	-72.0441
5.48	-72.2272
5.49	-72.0746
5.5	-72.1052
5.51	-72.2578
5.52	-72.1052
5.53	-72.1662
5.54	-72.2578
5.55	-72.0746
5.56	-72.1967
5.57	-72.2578
5.58	-72.0136
5.59	-72.1357
5.6	-72.2578
5.61	-71.9831
5.62	-72.2883
5.63	-72.2578
5.64	-72.1357
5.65	-72.3188
5.66	-72.1967
5.67	-72.1662
5.68	-72.3188
5.69	-72.1662
5.7	-72.1357
5.71	-72.2883
5.72	-72.1357
5.73	-72.1662
5.74	-72.2578
5.75	-72.0441
5.76	-72.1357
5.77	-72.2578
5.78	-72.0136
5.79	-72.1967
5.8	-72.2272
5.81	-72.0136
5.82	-72.1357
5.83	-72.1967
5.84	-72.1052
5.85	-72.1967
5.86	-72.1967
5.87	-72.1357
5.88	-72.2883
5.89	-72.2272
5.9	-72.1052
5.91	-72.2272
5.92	-72.2272
5.93	-72.1357
5.94	-72.2883
5.95	-72.2578
5.96	-72.1357
5.97	-72.2883
5.98	-72.1662
5.99	-72.1357
6	-72.2883
6.01	-72.1357
6.02	-72.1967
6.03	-72.2883
6.04	-72.1052
6.05	-72.1357
6.06	-72.2578
6.07	-72.0136
6.08	-72.1662
6.09	-72.1662
6.1	-72.0441
6.11	-72.2578
6.12	-72.2272
6.13	-72.1052
6.14	-72.2883
6.15	-72.1662
6.16	-72.1052
6.17	-72.2883
6.18	-72.1052
6.19	-72.0441
6.2	-72.2578
6.21	-72.0746
6.22	-72.1357
6.23	-72.2578
6.24	-72.1052
6.25	-72.1967
6.26	-72.2578
6.27	-72.1052
6.28	-72.1967
6.29	-72.2272
6.3	-72.1357
6.31	-72.2883
6.32	-72.2272
6.33	-72.1357
6.34	-72.2578
6.35	-72.3188
6.36	-72.1662
6.37	-72.2883
6.38	-72.1967
6.39	-72.0746
6.4	-72.2272
6.41	-72.1967
6.42	-72.1052
6.43	-72.3188
6.44	-72.1967
6.45	-72.1662
6.46	-72.2883
6.47	-72.1662
6.48	-72.0746
6.49	-72.2578
6.5	-72.0441
6.51	-72.1052
6.52	-72.2578
6.53	-72.0136
6.54	-72.1357
6.55	-72.1967
6.56	-71.9831
6.57	-72.1662
6.58	-72.1967
6.59	-72.0441
6.6	-72.2272
6.61	-72.2272
6.62	-72.1357
6.63	-72.2883
6.64	-72.1357
6.65	-72.1357
6.66	-72.3188
6.67	-72.1052
6.68	-72.1357
6.69	-72.3188
6.7	-72.1357
6.71	-72.1052
6.72	-72.2272
6.73	-72.0746
6.74	-72.1357
6.75	-72.2578
6.76	-72.1357
6.77	-72.2272
6.78	-72.2272
6.79	-72.0746
6.8	-72.1967
6.81	-72.2272
6.82	-72.1357
6.83	-72.2272
6.84	-72.2578
6.85	-72.0746
6.86	-72.2272
6.87	-72.2578
6.88	-72.1357
6.89	-72.3188
6.9	-72.3188
6.91	-72.1357
6.92	-72.3188
6.93	-72.2578
6.94	-72.1662
6.95	-72.2578
6.96	-72.1662
6.97	-72.1357
6.98	-72.2578
6.99	-72.1357
7	-72.2272
7.01	-72.2883
7.02	-72.1052
7.03	-72.2272
7.04	-72.2578
7.05	-72.0441
7.06	-72.2578
7.07	-72.2272
7.08	-72.0441
7.09	-72.2578
7.1	-72.2272
7.11	-72.0746
7.12	-72.2578
7.13	-72.1357
7.14	-72.1357
7.15	-72.2883
7.16	-72.1662
7.17	-72.1357
7.18	-72.2883
7.19	-72.1357
7.2	-72.1967
7.21	-72.2578
7.22	-72.1052
7.23	-72.1967
7.24	-72.2883
7.25	-72.1662
7.26	-72.1967
7.27	-72.2578
7.28	-72.1357
7.29	-72.2578
7.3	-72.2272
7.31	-72.1357
7.32	-72.2272
7.33	-72.2883
7.34	-72.1052
7.35	-72.1967
7.36	-72.1967
7.37	-72.1357
7.38	-72.2578
7.39	-72.1967
7.4	-72.1662
7.41	-72.2578
7.42	-72.1662
7.43	-72.1357
7.44	-72.2578
7.45	-72.1357
7.46	-72.1357
7.47	-72.2272
7.48	-72.1052
7.49	-72.2272
7.5	-72.3188
7.51	-72.1052
7.52	-72.1967
7.53	-72.2883
7.54	-72.1052
7.55	-72.2272
7.56	-72.2272
7.57	-72.1052
7.58	-72.3798
7.59	-72.1967
7.6	-72.0441
7.61	-72.2272
7.62	-72.1662
7.63	-72.1052
7.64	-72.2883
7.65	-72.1662
7.66	-72.1052
7.67	-72.2883
7.68	-72.0746
7.69	-72.1357
7.7	-72.1967
7.71	-72.1052
7.72	-72.1967
7.73	-72.2272
7.74	-72.1052
7.75	-72.1967
7.76	-72.2578
7.77	-72.1357
7.78	-72.2272
7.79	-72.2272
7.8	-72.1052
7.81	-72.2272
7.82	-72.2272
7.83	-72.1357
7.84	-72.2272
7.85	-72.2272
7.86	-72.1052
7.87	-72.2578
7.88	-72.1662
7.89	-72.1052
7.9	-72.1967
7.91	-72.0746
7.92	-72.0441
7.93	-72.1967
7.94	-72.0746
7.95	-72.1662
7.96	-72.3188
7.97	-72.1662
7.98	-72.2272
7.99	-72.2883
8	-72.1357
8.01	-72.3188
8.02	-72.3798
8.03	-72.1967
8.04	-72.2578
8.05	-72.2272
8.06	-72.1357
8.07	-72.3188
8.08	-72.1967
8.09	-72.1357
8.1	-72.3188
8.11	-72.1662
8.12	-72.1052
8.13	-72.2883
8.14	-72.1662
8.15	-72.1357
8.16	-72.3188
8.17	-72.1357
8.18	-72.1357
8.19	-72.2883
8.2	-72.1052
8.21	-72.1967
8.22	-72.2578
8.23	-72.1662
8.24	-72.2883
8.25	-72.2272
8.26	-72.1967
8.27	-72.2272
8.28	-72.1662
8.29	-72.0746
8.3	-72.2272
8.31	-72.1357
8.32	-72.0441
8.33	-72.1967
8.34	-72.2272
8.35	-72.1357
8.36	-72.1662
8.37	-72.1357
8.38	-72.1052
8.39	-72.3188
8.4	-72.1357
8.41	-72.1357
8.42	-72.2883
8.43	-72.1357
8.44	-72.1052
8.45	-72.3188
8.46	-72.1357
8.47	-72.1357
8.48	-72.2578
8.49	-72.0441
8.5	-72.1967
8.51	-72.1662
8.52	-71.9831
8.53	-72.1967
8.54	-72.1967
8.55	-72.0136
8.56	-72.1662
8.57	-72.1967
8.58	-72.0441
8.59	-72.2883
8.6	-72.1662
8.61	-72.0746
8.62	-72.2272
8.63	-72.1967
8.64	-72.1967
8.65	-72.2272
8.66	-72.1357
8.67	-72.1662
8.68	-72.3188
8.69	-72.1052
8.7	-72.1662
8.71	-72.2272
8.72	-72.1052
8.73	-72.1967
8.74	-72.1662
8.75	-72.1052
8.76	-72.1967
8.77	-72.1967
8.78	-72.1357
8.79	-72.2578
8.8	-72.1662
8.81	-72.1052
8.82	-72.2578
8.83	-72.1662
8.84	-72.1052
8.85	-72.2578
8.86	-72.2272
8.87	-72.1662
8.88	-72.2883
8.89	-72.1662
8.9	-72.1052
8.91	-72.3493
8.92	-72.1357
8.93	-72.1052
8.94	-72.1967
8.95	-72.1052
8.96	-72.1662
8.97	-72.1662
8.98	-72.0746
8.99	-72.1662
9	-72.1967
9.01	-71.9831
9.02	-72.1967
9.03	-72.1662
9.04	-72.0441
9.05	-72.2272
9.06	-72.1967
9.07	-72.1052
9.08	-72.2578
9.09	-72.1662
9.1	-72.1052
9.11	-72.2578
9.12	-72.1357
9.13	-72.1357
9.14	-72.2272
9.15	-72.1052
9.16	-72.1357
9.17	-72.2272
9.18	-72.0746
9.19	-72.1967
9.2	-72.1967
9.21	-72.0746
9.22	-72.2272
9.23	-72.1967
9.24	-72.0746
9.25	-72.1967
9.26	-72.2272
9.27	-72.0746
9.28	-72.1662
9.29	-72.1967
9.3	-72.0746
9.31	-72.2578
9.32	-72.1967
9.33	-72.1357
9.34	-72.2883
9.35	-72.1662
9.36	-72.0746
9.37	-72.1967
9.38	-72.1662
9.39	-72.0746
9.4	-72.2883
9.41	-72.0136
9.42	-72.1052
9.43	-72.1967
9.44	-72.0746
9.45	-72.1052
9.46	-72.2578
9.47	-72.0136
9.48	-72.1662
9.49	-72.1967
9.5	-72.0136
9.51	-72.1967
9.52	-72.2272
9.53	-72.0441
9.54	-72.2578
9.55	-72.1967
9.56	-72.0441
9.57	-72.2578
9.58	-72.1357
9.59	-72.1357
9.6	-72.3188
9.61	-72.1357
9.62	-72.1357
9.63	-72.2272
9.64	-72.0746
9.65	-72.1967
9.66	-72.2578
9.67	-72.1052
9.68	-72.2272
9.69	-72.2272
9.7	-72.1357
9.71	-72.1662
9.72	-72.1967
9.73	-72.0746
9.74	-72.1662
9.75	-72.1967
9.76	-72.1052
9.77	-72.1967
9.78	-72.1357
9.79	-72.0746
9.8	-72.2272
9.81	-72.1052
9.82	-72.0746
9.83	-72.2272
9.84	-72.2272
9.85	-72.1357
9.86	-72.2272
9.87	-72.1967
9.88	-72.1357
9.89	-72.1967
9.9	-72.1052
9.91	-72.1052
9.92	-72.2272
9.93	-72.0746
9.94	-72.1052
9.95	-72.1967
9.96	-71.9831
9.97	-72.1052
9.98	-72.2272
9.99	-72.0136
10	-72.1662
10.01	-72.1967
10.02	-72.0746
10.03	-72.2272
10.04	-72.1052
10.05	-72.0746
10.06	-72.3188
10.07	-72.0746
10.08	-72.0746
10.09	-72.2883
10.1	-72.1052
10.11	-72.1357
10.12	-72.2578
10.13	-72.1052
10.14	-72.1052
10.15	-72.2272
10.16	-72.0441
10.17	-72.1357
10.18	-72.1967
10.19	-72.0746
10.2	-72.1662
10.21	-72.1967
10.22	-72.1052
10.23	-72.2272
10.24	-72.1967
10.25	-72.0441
10.26	-72.1967
10.27	-72.1662
10.28	-72.1357
10.29	-72.2272
10.3	-72.1967
10.31	-72.1357
10.32	-72.2883
10.33	-72.2272
10.34	-72.1357
10.35	-72.2883
10.36	-72.1967
10.37	-72.1052
10.38	-72.1967
10.39	-72.1357
10.4	-72.1662
10.41	-72.2272
10.42	-72.0441
10.43	-72.2272
10.44	-72.2883
10.45	-72.0746
10.46	-72.2578
10.47	-72.2272
10.48	-71.9831
10.49	-72.2272
10.5	-72.2272
10.51	-72.1052
10.52	-72.2883
10.53	-72.1967
10.54	-72.0136
10.55	-72.2883
10.56	-72.1357
10.57	-72.0441
10.58	-72.2272
10.59	-72.0746
10.6	-72.1357
10.61	-72.2578
10.62	-72.0441
10.63	-72.1052
10.64	-72.1357
10.65	-72.0441
10.66	-72.1662
10.67	-72.2272
10.68	-72.1357
10.69	-72.2272
10.7	-72.1967
10.71	-72.0746
10.72	-72.1662
10.73	-72.1662
10.74	-72.1357
10.75	-72.2578
10.76	-72.2272
10.77	-72.0746
10.78	-72.2272
10.79	-72.1357
10.8	-72.0746
10.81	-72.2272
10.82	-72.1662
10.83	-72.1357
10.84	-72.2883
10.85	-72.0746
10.86	-72.1052
10.87	-72.2578
10.88	-72.1052
10.89	-72.1357
10.9	-72.2272
10.91	-72.0441
10.92	-72.1357
10.93	-72.2272
10.94	-72.0136
10.95	-72.1662
10.96	-72.1357
10.97	-71.9831
10.98	-72.1967
10.99	-72.1662
11	-72.1052
11.01	-72.2883
11.02	-72.1052
11.03	-72.0746
11.04	-72.2578
11.05	-72.1052
11.06	-72.0441
11.07	-72.2578
11.08	-72.1357
11.09	-72.1052
11.1	-72.2272
11.11	-72.0746
11.12	-72.1967
11.13	-72.2883
11.14	-72.0746
11.15	-72.2272
11.16	-72.2272
11.17	-72.0441
11.18	-72.1967
11.19	-72.2272
11.2	-72.1357
11.21	-72.2578
11.22	-72.1662
11.23	-72.1662
11.24	-72.2272
11.25	-72.1662
11.26	-72.0746
11.27	-72.2272
11.28	-72.1662
11.29	-72.1052
11.3	-72.1967
11.31	-72.0746
11.32	-72.1662
11.33	-72.2578
11.34	-72.1967
11.35	-72.1662
11.36	-72.2578
11.37	-72.0746
11.38	-72.1357
11.39	-72.2272
11.4	-72.1052
11.41	-72.1662
11.42	-72.2272
11.43	-72.0441
11.44	-72.1967
11.45	-72.2578
11.46	-72.0136
11.47	-72.1967
11.48	-72.1662
11.49	-72.0441
11.5	-72.2578
11.51	-72.1052
11.52	-72.0441
11.53	-72.2272
11.54	-72.0136
11.55	-72.1052
11.56	-72.2578
11.57	-72.1357
11.58	-72.1052
11.59	-72.2272
11.6	-72.1052
11.61	-72.1967
11.62	-72.2578
11.63	-72.0746
11.64	-72.1357
11.65	-72.1967
11.66	-72.0746
11.67	-72.1967
11.68	-72.1662
11.69	-72.1052
11.7	-72.1357
11.71	-72.1052
11.72	-72.1052
11.73	-72.1967
11.74	-72.1357
11.75	-72.1052
11.76	-72.1967
11.77	-72.1357
11.78	-72.1357
11.79	-72.1967
11.8	-72.1357
11.81	-72.1357
11.82	-72.2272
11.83	-72.1357
11.84	-72.0746
11.85	-72.2272
11.86	-72.0746
11.87	-72.0441
11.88	-72.1967
11.89	-72.0441
11.9	-72.1357
11.91	-72.1662
11.92	-72.0136
11.93	-72.1967
11.94	-72.2272
11.95	-72.0136
11.96	-72.2272
11.97	-72.1967
11.98	-72.0746
11.99	-72.3188
12	-72.1662
12.01	-72.1052
12.02	-72.2578
12.03	-72.0441
12.04	-72.0746
12.05	-72.2578
12.06	-72.0441
12.07	-72.1357
12.08	-72.2883
12.09	-72.1052
12.1	-72.1662
12.11	-72.1662
12.12	-72.0746
12.13	-72.2578
12.14	-72.2272
12.15	-72.0441
12.16	-72.1662
12.17	-72.1662
12.18	-72.0441
12.19	-72.1357
12.2	-72.1662
12.21	-72.0441
12.22	-72.1967
12.23	-72.1357
12.24	-72.0746
12.25	-72.2272
12.26	-72.1357
12.27	-72.0746
12.28	-72.1967
12.29	-72.1052
12.3	-72.1052
12.31	-72.2272
12.32	-72.1052
12.33	-72.0746
12.34	-72.2578
12.35	-72.0441
12.36	-72.1357
12.37	-72.3188
12.38	-72.1357
12.39	-72.2578
12.4	-72.2883
12.41	-72.1357
12.42	-72.2578
12.43	-72.1967
12.44	-72.0441
12.45	-72.2578
12.46	-72.2578
12.47	-72.1052
12.48	-72.2272
12.49	-72.1052
12.5	-72.0441
12.51	-72.2578
12.52	-72.1052
12.53	-72.1357
12.54	-72.2578
12.55	-72.0746
12.56	-72.1662
12.57	-72.2272
12.58	-72.1052
12.59	-72.1662
12.6	-72.2272
12.61	-72.1357
12.62	-72.2578
12.63	-72.2883
12.64	-72.1967
12.65	-72.2883
12.66	-72.3188
12.67	-72.1357
12.68	-72.3493
12.69	-72.3188
12.7	-72.1662
12.71	-72.2578
12.72	-72.1967
12.73	-72.1052
12.74	-72.2578
12.75	-72.1967
12.76	-72.1052
12.77	-72.2272
12.78	-72.1662
12.79	-72.1357
12.8	-72.2578
12.81	-72.1357
12.82	-72.1357
12.83	-72.2883
12.84	-72.0746
12.85	-72.1357
12.86	-72.2578
12.87	-72.0746
12.88	-72.1662
12.89	-72.2578
12.9	-72.0441
12.91	-72.2272
12.92	-72.2578
12.93	-72.0746
12.94	-72.2883
12.95	-72.1967
12.96	-72.0441
12.97	-72.2883
12.98	-72.1662
12.99	-72.1052
13	-72.3188
13.01	-72.1662
13.02	-72.1967
13.03	-72.3188
13.04	-72.1967
13.05	-72.1967
13.06	-72.2883
13.07	-72.1357
13.08	-72.2883
13.09	-72.2272
13.1	-72.0746
13.11	-72.2272
13.12	-72.1967
13.13	-72.0441
13.14	-72.1662
13.15	-72.1052
13.16	-72.0441
13.17	-72.1662
13.18	-72.1662
13.19	-72.0746
13.2	-72.1967
13.21	-72.1357
13.22	-72.0746
13.23	-72.1662
13.24	-72.0746
13.25	-72.1052
13.26	-72.2578
13.27	-72.1357
13.28	-72.0746
13.29	-72.2578
13.3	-72.1052
13.31	-72.0441
13.32	-72.2578
13.33	-72.0746
13.34	-72.1662
13.35	-72.2883
13.36	-72.1052
13.37	-72.2272
13.38	-72.2883
13.39	-72.0441
13.4	-72.1662
13.41	-72.1052
13.42	-72.0441
13.43	-72.2578
13.44	-72.1662
13.45	-72.0441
13.46	-72.2578
13.47	-72.1662
13.48	-72.0746
13.49	-72.2883
13.5	-72.1357
13.51	-72.1357
13.52	-72.2883
13.53	-72.1052
13.54	-72.1662
13.55	-72.2578
13.56	-72.0746
13.57	-72.2578
13.58	-72.1967
13.59	-72.1052
13.6	-72.2272
13.61	-72.2272
13.62	-72.0746
13.63	-72.1967
13.64	-72.1662
13.65	-72.1052
13.66	-72.1967
13.67	-72.1662
13.68	-72.1052
13.69	-72.1967
13.7	-72.1357
13.71	-72.0441
13.72	-72.2272
13.73	-72.1357
13.74	-72.1357
13.75	-72.2272
13.76	-72.1967
13.77	-72.1052
13.78	-72.2578
13.79	-72.1357
13.8	-72.1967
13.81	-72.3493
13.82	-72.1357
13.83	-72.2272
13.84	-72.3493
13.85	-72.1052
13.86	-72.2272
13.87	-72.2578
13.88	-72.0746
13.89	-72.2883
13.9	-72.2578
13.91	-72.0746
13.92	-72.3188
13.93	-72.2578
13.94	-72.1052
13.95	-72.2578
13.96	-72.1967
13.97	-72.0746
13.98	-72.2578
13.99	-72.1052
14	-72.1357
14.01	-72.2883
14.02	-72.0441
14.03	-72.1967
14.04	-72.3188
14.05	-72.1357
14.06	-72.1967
14.07	-72.2272
14.08	-72.1052
14.09	-72.2272
14.1	-72.1967
14.11	-72.0746
14.12	-72.1967
14.13	-72.1662
14.14	-72.1052
14.15	-72.2272
14.16	-72.1357
14.17	-72.1052
14.18	-72.2272
14.19	-72.1967
14.2	-72.1357
14.21	-72.2578
14.22	-72.2272
14.23	-72.1357
14.24	-72.2883
14.25	-72.2272
14.26	-72.1967
14.27	-72.3493
14.28	-72.2272
14.29	-72.1662
14.3	-72.2883
14.31	-72.1052
14.32	-72.1662
14.33	-72.2883
14.34	-72.1357
14.35	-72.2272
14.36	-72.2883
14.37	-72.1052
14.38	-72.2272
14.39	-72.1967
14.4	-72.0746
14.41	-72.2578
14.42	-72.2272
14.43	-72.1052
14.44	-72.2578
14.45	-72.1357
14.46	-72.0441
14.47	-72.1967
14.48	-72.1357
14.49	-72.1662
14.5	-72.2578
14.51	-72.1052
14.52	-72.1967
14.53	-72.2883
14.54	-72.0746
14.55	-72.2272
14.56	-72.2883
14.57	-72.1357
14.58	-72.2883
14.59	-72.2578
14.6	-72.1967
14.61	-72.2883
14.62	-72.2272
14.63	-72.1357
14.64	-72.2883
14.65	-72.2272
14.66	-72.1357
14.67	-72.3493
14.68	-72.1967
14.69	-72.1052
14.7	-72.2272
14.71	-72.1662
14.72	-72.1662
14.73	-72.2272
14.74	-72.1662
14.75	-72.1357
14.76	-72.2883
14.77	-72.1357
14.78	-72.1357
14.79	-72.2578
14.8	-72.1052
14.81	-72.1357
14.82	-72.2883
14.83	-72.1052
14.84	-72.2578
14.85	-72.3188
14.86	-72.1052
14.87	-72.2883
14.88	-72.2578
14.89	-72.0746
14.9	-72.2883
14.91	-72.1967
14.92	-72.1052
14.93	-72.3493
14.94	-72.1967
14.95	-72.1662
14.96	-72.4104
14.97	-72.1967
14.98	-72.2578
14.99	-72.3798
15	-72.1967
15.01	-72.2883
15.02	-72.2883
15.03	-72.1052
15.04	-72.2272
15.05	-72.2578
15.06	-72.1052
15.07	-72.2578
15.08	-72.1967
15.09	-72.0441
15.1	-72.2272
15.11	-72.1967
15.12	-72.0441
15.13	-72.2272
15.14	-72.2272
15.15	-72.1357
15.16	-72.3188
15.17	-72.1967
15.18	-72.1662
15.19	-72.3188
15.2	-72.1967
15.21	-72.1662
15.22	-72.2883
15.23	-72.2272
15.24	-72.2578
15.25	-72.2883
15.26	-72.1357
15.27	-72.1357
15.28	-72.2272
15.29	-72.0746
15.3	-72.1662
15.31	-72.2883
15.32	-72.1052
15.33	-72.1967
15.34	-72.1662
15.35	-71.9831
15.36	-72.1662
15.37	-72.1052
15.38	-71.9831
15.39	-72.1967
15.4	-72.1357
15.41	-72.0136
15.42	-72.2272
15.43	-72.0746
15.44	-72.0746
15.45	-72.1662
15.46	-72.0746
15.47	-72.1052
15.48	-72.2272
15.49	-72.0136
15.5	-72.1357
15.51	-72.2272
15.52	-72.0746
15.53	-72.1662
15.54	-72.2272
15.55	-72.1052
15.56	-72.2578
15.57	-72.2272
15.58	-72.0746
15.59	-72.2578
15.6	-72.2883
15.61	-72.1357
15.62	-72.2578
15.63	-72.1662
15.64	-72.0746
15.65	-72.2578
15.66	-72.1662
15.67	-72.1357
15.68	-72.2578
15.69	-72.1662
15.7	-72.1357
15.71	-72.2883
15.72	-72.1967
15.73	-72.1357
15.74	-72.2578
15.75	-72.1357
15.76	-72.1662
15.77	-72.2578
15.78	-72.1052
15.79	-72.1662
15.8	-72.2272
15.81	-72.1357
15.82	-72.1967
15.83	-72.2272
15.84	-72.0441
15.85	-72.2578
15.86	-72.1357
15.87	-71.9831
15.88	-72.2578
15.89	-72.1357
15.9	-72.0136
15.91	-72.1967
15.92	-72.0441
15.93	-72.0441
15.94	-72.1662
15.95	-72.0136
15.96	-72.0441
15.97	-72.2272
15.98	-72.0441
15.99	-72.1052
16	-72.1967
16.01	-72.0136
16.02	-72.1052
16.03	-72.1052
16.04	-72.0441
16.05	-72.1967
16.06	-72.1967
16.07	-72.0441
16.08	-72.1662
16.09	-72.1357
16.1	-72.0441
16.11	-72.1967
16.12	-72.1662
16.13	-72.1357
16.14	-72.1967
16.15	-72.1357
16.16	-72.1357
16.17	-72.2272
16.18	-72.1052
16.19	-72.1052
16.2	-72.1662
16.21	-72.1052
16.22	-72.0746
16.23	-72.2578
16.24	-72.1357
16.25	-72.0746
16.26	-72.1967
16.27	-72.0746
16.28	-72.2272
16.29	-72.2883
16.3	-72.1357
16.31	-72.2272
16.32	-72.2883
16.33	-72.1357
16.34	-72.2272
16.35	-72.2272
16.36	-71.9831
16.37	-72.2578
16.38	-72.1967
16.39	-72.1052
16.4	-72.2883
16.41	-72.1052
16.42	-72.0136
16.43	-72.2272
16.44	-72.0746
16.45	-72.1357
16.46	-72.2578
16.47	-72.0441
16.48	-72.1052
16.49	-72.1967
16.5	-71.9831
16.51	-72.1052
16.52	-72.1967
16.53	-72.0441
16.54	-72.1662
16.55	-72.1052
16.56	-72.0746
16.57	-72.2578
16.58	-72.1967
16.59	-72.1052
16.6	-72.2272
16.61	-72.1052
16.62	-72.0746
16.63	-72.1662
16.64	-72.1662
16.65	-72.1052
16.66	-72.2272
16.67	-72.1357
16.68	-72.1052
16.69	-72.2883
16.7	-72.1052
16.71	-72.0746
16.72	-72.2272
16.73	-72.0746
16.74	-72.1357
16.75	-72.2578
16.76	-72.0746
16.77	-72.1052
16.78	-72.1967
16.79	-72.0136
16.8	-72.1662
16.81	-72.2272
16.82	-72.0441
16.83	-72.2272
16.84	-72.1662
16.85	-72.0746
16.86	-72.2578
16.87	-72.1662
16.88	-72.0746
16.89	-72.2578
16.9	-72.1052
16.91	-72.1662
16.92	-72.2578
16.93	-72.1357
16.94	-72.1357
16.95	-72.2578
16.96	-72.0746
16.97	-72.1967
16.98	-72.2883
16.99	-72.1052
17	-72.3188
17.01	-72.2578
17.02	-72.1357
17.03	-72.2272
17.04	-72.2272
17.05	-72.1052
17.06	-72.1967
17.07	-72.2272
17.08	-72.1052
17.09	-72.1967
17.1	-72.2272
17.11	-72.1357
17.12	-72.2883
17.13	-72.1662
17.14	-72.1357
17.15	-72.3493
17.16	-72.1967
17.17	-72.1357
17.18	-72.2578
17.19	-72.1357
17.2	-72.1052
17.21	-72.2272
17.22	-72.1052
17.23	-72.1662
17.24	-72.3188
17.25	-72.0746
17.26	-72.1967
17.27	-72.2578
17.28	-72.0746
17.29	-72.2578
17.3	-72.3188
17.31	-72.1052
17.32	-72.3188
17.33	-72.2272
17.34	-72.1357
17.35	-72.3493
17.36	-72.2272
17.37	-72.1967
17.38	-72.3493
17.39	-72.1662
17.4	-72.1662
17.41	-72.3493
17.42	-72.1357
17.43	-72.1357
17.44	-72.2272
17.45	-72.0746
17.46	-72.1662
17.47	-72.2578
17.48	-72.0746
17.49	-72.1967
17.5	-72.2883
17.51	-72.1052
17.52	-72.1967
17.53	-72.2272
17.54	-72.1357
17.55	-72.2272
17.56	-72.1967
17.57	-72.0746
17.58	-72.1967
17.59	-72.1662
17.6	-72.0746
17.61	-72.2883
17.62	-72.1662
17.63	-72.1357
17.64	-72.2883
17.65	-72.1357
17.66	-72.1052
17.67	-72.2272
17.68	-72.1357
17.69	-72.1662
17.7	-72.2578
17.71	-72.1052
17.72	-72.1052
17.73	-72.2272
17.74	-72.0746
17.75	-72.1662
17.76	-72.1967
17.77	-72.0746
17.78	-72.1967
17.79	-72.2272
17.8	-72.0441
17.81	-72.2272
17.82	-72.2272
17.83	-72.0746
17.84	-72.2578
17.85	-72.1357
17.86	-72.0441
17.87	-72.2883
17.88	-72.1052
17.89	-72.1052
17.9	-72.2883
17.91	-72.0441
17.92	-72.1357
17.93	-72.2272
17.94	-72.0441
17.95	-72.1052
17.96	-72.2272
17.97	-72.0746
17.98	-72.1052
17.99	-72.1662
18	-72.0441
18.01	-72.1967
18.02	-72.1662
18.03	-72.1052
18.04	-72.2272
18.05	-72.1357
18.06	-72.0746
18.07	-72.2272
18.08	-72.1967
18.09	-72.1052
18.1	-72.2578
18.11	-72.1357
18.12	-72.1357
18.13	-72.1967
18.14	-72.1052
18.15	-72.0441
18.16	-72.1662
18.17	-72.1052
18.18	-72.1967
18.19	-72.2578
18.2	-72.1662
18.21	-72.1052
18.22	-72.2578
18.23	-72.0441
18.24	-72.2272
18.25	-72.2272
18.26	-72.0746
18.27	-72.1967
18.28	-72.2272
18.29	-72.1052
18.3	-72.2578
18.31	-72.1357
18.32	-72.0441
18.33	-72.2272
18.34	-72.1357
18.35	-72.0441
18.36	-72.2578
18.37	-72.0136
18.38	-72.0746
18.39	-72.1967
18.4	-71.9831
18.41	-72.0136
18.42	-72.1967
18.43	-72.0746
18.44	-72.1357
18.45	-72.1662
18.46	-72.1052
18.47	-72.1662
18.48	-72.1662
18.49	-71.9831
18.5	-72.1662
18.51	-72.1052
18.52	-72.0136
18.53	-72.1967
18.54	-72.1052
18.55	-72.0441
18.56	-72.2272
18.57	-72.1357
18.58	-72.0746
18.59	-72.2272
18.6	-72.0746
18.61	-72.0746
18.62	-72.1662
18.63	-72.1052
18.64	-72.0746
18.65	-72.2272
18.66	-72.1052
18.67	-72.1357
18.68	-72.2578
18.69	-72.1052
18.7	-72.1662
18.71	-72.1967
18.72	-72.0136
18.73	-72.0746
18.74	-72.1662
18.75	-71.9831
18.76	-72.1052
18.77	-72.1357
18.78	-72.0136
18.79	-72.1052
18.8	-72.0441
18.81	-71.9831
18.82	-72.1967
18.83	-72.0136
18.84	-71.9221
18.85	-72.2272
18.86	-72.0136
18.87	-71.9831
18.88	-72.2578
18.89	-72.0136
18.9	-72.1052
18.91	-72.2578
18.92	-71.9831
18.93	-72.1662
18.94	-72.1967
18.95	-72.0746
18.96	-72.1662
18.97	-72.1662
18.98	-72.0441
18.99	-72.1662
19	-72.1052
19.01	-72.0441
19.02	-72.1357
19.03	-72.0746
19.04	-72.0441
19.05	-72.1662
19.06	-72.0746
19.07	-72.0746
19.08	-72.1967
19.09	-72.1052
19.1	-72.0746
19.11	-72.1662
19.12	-72.0746
19.13	-72.0441
19.14	-72.1662
19.15	-72.1052
19.16	-72.1052
19.17	-72.1967
19.18	-72.0441
19.19	-72.1357
19.2	-72.1967
19.21	-72.0441
19.22	-72.1052
19.23	-72.1967
19.24	-72.0746
19.25	-72.2272
19.26	-72.2272
19.27	-72.0441
19.28	-72.1967
19.29	-72.1662
19.3	-72.0441
19.31	-72.3188
19.32	-72.1357
19.33	-71.9831
19.34	-72.1967
19.35	-72.0746
19.36	-72.0441
19.37	-72.1662
19.38	-72.0441
19.39	-72.1357
19.4	-72.2578
19.41	-72.0136
19.42	-72.1662
19.43	-72.1967
19.44	-72.0746
19.45	-72.1357
19.46	-72.1357
19.47	-72.0136
19.48	-72.1967
19.49	-72.1662
19.5	-72.0441
19.51	-72.1662
19.52	-72.1357
19.53	-72.0136
19.54	-72.2272
19.55	-72.1357
19.56	-72.1052
19.57	-72.1967
19.58	-72.1357
19.59	-72.1662
19.6	-72.1967
19.61	-72.0746
19.62	-72.1967
19.63	-72.3493
19.64	-72.1357
19.65	-72.2272
19.66	-72.2883
19.67	-72.1357
19.68	-72.1967
19.69	-72.2578
19.7	-72.0441
19.71	-72.1662
19.72	-72.1967
19.73	-72.0441
19.74	-72.1662
19.75	-72.2883
19.76	-72.0441
19.77	-72.1967
19.78	-72.1357
19.79	-72.0136
19.8	-72.1967
19.81	-72.1357
19.82	-72.0136
19.83	-72.2272
19.84	-72.0441
19.85	-72.0746
19.86	-72.2578
19.87	-72.0441
19.88	-72.1052
19.89	-72.2578
19.9	-72.0441
19.91	-72.1967
19.92	-72.2578
19.93	-72.0136
19.94	-72.1967
19.95	-72.1357
19.96	-72.0441
19.97	-72.2272
19.98	-72.1662
19.99	-72.0746
20	-72.2272
20.01	-72.0746
20.02	-72.0441
20.03	-72.1662
20.04	-72.1662
20.05	-72.0746
20.06	-72.1967
20.07	-72.1052
20.08	-72.0441
20.09	-72.1357
20.1	-72.0441
20.11	-72.0441
20.12	-72.2272
20.13	-72.0441
20.14	-72.1052
20.15	-72.1967
20.16	-72.0441
20.17	-72.1052
20.18	-72.1967
20.19	-72.0441
20.2	-72.2272
20.21	-72.2272
20.22	-71.9831
20.23	-72.2272
20.24	-72.1357
20.25	-71.9526
20.26	-72.1967
20.27	-72.1052
20.28	-72.0136
20.29	-72.1967
20.3	-72.1052
20.31	-72.0136
20.32	-72.2578
20.33	-72.0136
20.34	-72.0441
20.35	-72.1967
20.36	-72.0441
20.37	-72.0441
20.38	-72.1967
20.39	-71.9831
20.4	-72.1052
20.41	-72.1662
20.42	-72.0136
20.43	-72.1662
20.44	-72.1662
20.45	-71.9831
20.46	-72.1357
20.47	-72.1662
20.48	-72.0136
20.49	-72.1967
20.5	-72.0746
20.51	-72.0746
20.52	-72.1662
20.53	-72.0746
20.54	-72.1052
20.55	-72.2272
20.56	-72.1662
20.57	-72.1052
20.58	-72.2272
20.59	-72.1662
20.6	-72.1357
20.61	-72.2883
20.62	-72.1052
20.63	-72.1052
20.64	-72.1967
20.65	-72.0441
20.66	-72.1052
20.67	-72.2578
20.68	-72.0136
20.69	-72.1662
20.7	-72.2578
20.71	-72.0136
20.72	-72.2883
20.73	-72.2272
20.74	-72.1052
20.75	-72.2883
20.76	-72.1967
20.77	-72.0441
20.78	-72.2883
20.79	-72.1357
20.8	-72.0746
20.81	-72.2883
20.82	-72.1052
20.83	-72.1662
20.84	-72.2883
20.85	-72.1052
20.86	-72.1967
20.87	-72.2883
20.88	-72.0746
20.89	-72.1662
20.9	-72.0746
20.91	-72.0136
20.92	-72.1357
20.93	-72.1357
20.94	-72.0136
20.95	-72.1967
20.96	-72.1662
20.97	-72.1052
20.98	-72.1967
20.99	-72.1967
21	-72.1357
21.01	-72.2578
21.02	-72.5935
21.03	-72.8071
21.04	-72.9292
21.05	-72.7155
21.06	-72.4409
21.07	-72.2578
21.08	-71.8305
21.09	-71.5253
21.1	-71.3117
21.11	-70.9455
21.12	-70.6708
21.13	-70.5182
21.14	-70.1215
21.15	-69.9384
21.16	-69.8468
21.17	-69.4806
21.18	-69.3585
21.19	-69.1449
21.2	-68.9007
21.21	-68.9007
21.22	-68.7481
21.23	-68.4735
21.24	-68.565
21.25	-68.2904
21.26	-68.0767
21.27	-68.1683
21.28	-67.9546
21.29	-67.741
21.3	-67.8326
21.31	-67.5884
21.32	-67.5579
21.33	-67.5274
21.34	-67.2222
21.35	-67.2527
21.36	-67.2832
21.37	-67.0086
21.38	-67.0696
21.39	-67.0391
21.4	-66.7339
21.41	-66.8255
21.42	-66.7034
21.43	-66.5508
21.44	-66.6118
21.45	-66.5203
21.46	-66.3372
21.47	-66.4287
21.48	-66.1846
21.49	-66.1541
21.5	-66.3066
21.51	-66.0625
21.52	-65.9404
21.53	-66.0625
21.54	-65.8794
21.55	-65.8184
21.56	-65.8184
21.57	-65.6658
21.58	-65.6352
21.59	-65.7268
21.6	-65.4827
21.61	-65.4216
21.62	-65.4827
21.63	-65.2995
21.64	-65.2995
21.65	-65.3606
21.66	-65.1164
21.67	-65.2385
21.68	-65.1469
21.69	-65.0249
21.7	-65.0554
21.71	-64.9333
21.72	-64.7807
21.73	-64.9333
21.74	-64.8418
21.75	-64.6892
21.76	-64.8418
21.77	-64.6587
21.78	-64.5671
21.79	-64.6892
21.8	-64.5061
21.81	-64.4145
21.82	-64.5366
21.83	-64.2924
21.84	-64.3229
21.85	-64.3535
21.86	-64.1093
21.87	-64.2009
21.88	-64.1398
21.89	-63.8957
21.9	-64.0178
21.91	-63.9567
21.92	-63.8347
21.93	-63.9262
21.94	-63.7736
21.95	-63.6515
21.96	-63.9262
21.97	-63.7126
21.98	-63.621
21.99	-63.7431
22	-63.56
22.01	-63.5295
22.02	-63.5905
22.03	-63.4074
22.04	-63.3464
22.05	-63.3769
22.06	-63.2853
22.07	-63.2243
22.08	-63.3464
22.09	-63.1327
22.1	-63.0717
22.11	-63.1938
22.12	-62.9496
22.13	-62.9496
22.14	-63.0107
22.15	-62.797
22.16	-62.8581
22.17	-62.8581
22.18	-62.7055
22.19	-62.8581
22.2	-62.7055
22.21	-62.5834
22.22	-62.7055
22.23	-62.5834
22.24	-62.4613
22.25	-62.6139
22.26	-62.4613
22.27	-62.3392
22.28	-62.4918
22.29	-62.2782
22.3	-62.3392
22.31	-62.4308
22.32	-62.1867
22.33	-62.2477
22.34	-62.2477
22.35	-62.0341
22.36	-62.1561
22.37	-62.0951
22.38	-61.8815
22.39	-62.0951
22.4	-61.973
22.41	-61.8509
22.42	-61.973
22.43	-61.8204
22.44	-61.6984
22.45	-61.8204
22.46	-61.6984
22.47	-61.5458
22.48	-61.6373
22.49	-61.5763
22.5	-61.5152
22.51	-61.4542
22.52	-61.3016
22.53	-61.3627
22.54	-61.3627
22.55	-61.2101
22.56	-61.1795
22.57	-61.2101
22.58	-61.0575
22.59	-61.0269
22.6	-61.088
22.61	-60.8438
22.62	-60.9049
22.63	-60.9049
22.64	-60.6912
22.65	-60.7523
22.66	-60.7218
22.67	-60.5387
22.68	-60.6912
22.69	-60.5997
22.7	-60.4471
22.71	-60.5692
22.72	-60.3555
22.73	-60.2335
22.74	-60.3555
22.75	-60.1724
22.76	-60.1724
22.77	-60.2335
22.78	-59.9588
22.79	-59.9283
22.8	-60.0809
22.81	-59.8062
22.82	-59.8062
22.83	-59.7757
22.84	-59.5315
22.85	-59.6231
22.86	-59.5315
22.87	-59.3179
22.88	-59.3484
22.89	-59.1653
22.9	-58.9822
22.91	-58.9822
22.92	-58.7075
22.93	-58.3718
22.94	-57.9446
22.95	-57.0901
22.96	-55.8388
22.97	-54.3434
22.98	-52.3292
22.99	-49.9792
23	-47.4767
23.01	-44.4859
23.02	-41.0373
23.03	-37.5582
23.04	-33.8044
23.05	-29.837
23.06	-25.4424
23.07	-20.0406
23.08	-14.1505
23.09	-7.8637
23.1	-1.21067
23.11	4.95407
23.12	10.8136
23.13	16.0018
23.14	20.5795
23.15	24.4554
23.16	27.9345
23.17	30.6201
23.18	33.0006
23.19	35.0148
23.2	36.4797
23.21	37.792
23.22	38.8601
23.23	39.4095
23.24	40.1114
23.25	40.4776
23.26	40.5081
23.27	40.8133
23.28	40.6912
23.29	40.3861
23.3	40.325
23.31	39.8367
23.32	39.3179
23.33	39.0432
23.34	38.3413
23.35	37.7309
23.36	37.1816
23.37	36.3271
23.38	35.6557
23.39	34.9232
23.4	33.9467
23.41	33.1227
23.42	32.3597
23.43	31.3221
23.44	30.4981
23.45	29.5215
23.46	28.4228
23.47	27.5072
23.48	26.5307
23.49	25.432
23.5	24.4859
23.51	23.5093
23.52	22.4107
23.53	21.4035
23.54	20.3354
23.55	19.3283
23.56	18.4127
23.57	17.2835
23.58	16.1849
23.59	15.2998
23.6	14.2012
23.61	13.1941
23.62	12.3395
23.63	11.1798
23.64	10.2338
23.65	9.37925
23.66	8.18903
23.67	7.30399
23.68	6.41896
23.69	5.22874
23.7	4.3437
23.71	3.45866
23.72	2.26844
23.73	1.3834
23.74	0.467849
