label:
6136
0	-70.9455
0.01	-71.1286
0.02	-70.976
0.03	-70.9455
0.04	-71.1286
0.05	-70.8844
0.06	-70.976
0.07	-71.0065
0.08	-70.9149
0.09	-70.976
0.1	-70.9455
0.11	-70.8539
0.12	-70.9455
0.13	-70.9455
0.14	-70.8539
0.15	-71.037
0.16	-70.976
0.17	-70.9455
0.18	-70.976
0.19	-70.9455
0.2	-70.8539
0.21	-71.0065
0.22	-70.976
0.23	-70.8844
0.24	-71.0675
0.25	-71.0065
0.26	-70.9149
0.27	-71.037
0.28	-70.9149
0.29	-70.976
0.3	-71.037
0.31	-71.0065
0.32	-70.9149
0.33	-71.0675
0.34	-70.9149
0.35	-70.9455
0.36	-71.037
0.37	-70.8539
0.38	-70.9455
0.39	-71.0675
0.4	-70.8539
0.41	-71.0675
0.42	-71.0065
0.43	-70.8234
0.44	-71.037
0.45	-70.976
0.46	-70.8234
0.47	-71.0675
0.48	-70.9149
0.49	-70.8844
0.5	-71.0981
0.51	-70.8844
0.52	-70.8844
0.53	-71.0675
0.54	-70.8539
0.55	-70.9455
0.56	-71.0981
0.57	-70.9149
0.58	-71.0065
0.59	-71.037
0.6	-70.9149
0.61	-71.0065
0.62	-71.037
0.63	-70.9149
0.64	-71.037
0.65	-70.9149
0.66	-70.8234
0.67	-71.0065
0.68	-70.9455
0.69	-70.8539
0.7	-70.976
0.71	-70.976
0.72	-70.9149
0.73	-71.037
0.74	-70.9455
0.75	-70.8539
0.76	-70.976
0.77	-70.9149
0.78	-70.9455
0.79	-71.037
0.8	-70.9149
0.81	-70.8844
0.82	-71.037
0.83	-70.9149
0.84	-70.9149
0.85	-71.037
0.86	-70.8844
0.87	-71.0065
0.88	-71.037
0.89	-70.8844
0.9	-71.0675
0.91	-71.0065
0.92	-70.8844
0.93	-71.0981
0.94	-70.976
0.95	-70.9149
0.96	-71.0981
0.97	-70.9455
0.98	-70.8844
0.99	-71.0675
1	-70.9149
1.01	-70.9455
1.02	-71.0675
1.03	-70.8844
1.04	-71.0065
1.05	-71.0981
1.06	-70.8539
1.07	-71.0065
1.08	-71.0065
1.09	-70.8539
1.1	-71.0065
1.11	-71.037
1.12	-70.8844
1.13	-71.037
1.14	-70.976
1.15	-70.8234
1.16	-70.9149
1.17	-70.9149
1.18	-70.8234
1.19	-71.0065
1.2	-70.9455
1.21	-70.9455
1.22	-71.0675
1.23	-70.9455
1.24	-70.9149
1.25	-71.037
1.26	-70.9149
1.27	-70.9455
1.28	-71.0675
1.29	-70.9455
1.3	-70.9455
1.31	-71.0675
1.32	-70.9455
1.33	-71.0065
1.34	-71.0675
1.35	-70.9149
1.36	-71.037
1.37	-71.0981
1.38	-70.9455
1.39	-71.0675
1.4	-71.037
1.41	-70.8844
1.42	-71.037
1.43	-71.0065
1.44	-70.8234
1.45	-71.0675
1.46	-70.976
1.47	-70.8844
1.48	-71.0675
1.49	-70.8844
1.5	-70.9149
1.51	-71.1286
1.52	-70.8844
1.53	-70.976
1.54	-71.037
1.55	-70.9149
1.56	-70.9455
1.57	-70.976
1.58	-70.8539
1.59	-71.0065
1.6	-70.9149
1.61	-70.8539
1.62	-71.0675
1.63	-70.976
1.64	-70.8539
1.65	-71.0675
1.66	-70.9455
1.67	-70.9149
1.68	-71.0065
1.69	-70.9149
1.7	-70.8844
1.71	-71.0065
1.72	-70.9149
1.73	-70.8234
1.74	-71.0065
1.75	-70.8844
1.76	-70.8844
1.77	-70.976
1.78	-70.9455
1.79	-70.9455
1.8	-71.0675
1.81	-70.8539
1.82	-70.9455
1.83	-71.037
1.84	-70.7929
1.85	-70.9149
1.86	-71.037
1.87	-70.8539
1.88	-71.0065
1.89	-70.9455
1.9	-70.8234
1.91	-71.037
1.92	-70.9455
1.93	-70.8844
1.94	-71.1286
1.95	-70.9149
1.96	-70.9455
1.97	-71.1286
1.98	-70.9455
1.99	-70.9455
2	-71.037
2.01	-70.9149
2.02	-71.037
2.03	-71.037
2.04	-70.9149
2.05	-71.0065
2.06	-71.0065
2.07	-70.8539
2.08	-70.9455
2.09	-70.9455
2.1	-70.9455
2.11	-71.0675
2.12	-71.0065
2.13	-70.8844
2.14	-71.0675
2.15	-70.9455
2.16	-70.9149
2.17	-70.976
2.18	-70.8844
2.19	-70.8234
2.2	-71.0065
2.21	-70.8844
2.22	-70.8539
2.23	-70.9455
2.24	-70.8539
2.25	-70.9149
2.26	-71.0065
2.27	-70.8539
2.28	-70.8234
2.29	-70.976
2.3	-70.7929
2.31	-70.9149
2.32	-70.9455
2.33	-70.8234
2.34	-70.9149
2.35	-70.9149
2.36	-70.7013
2.37	-70.9455
2.38	-70.9149
2.39	-70.7318
2.4	-70.9455
2.41	-70.8234
2.42	-70.7318
2.43	-70.9149
2.44	-70.8234
2.45	-70.7929
2.46	-70.9149
2.47	-70.7929
2.48	-70.8539
2.49	-70.9149
2.5	-70.7624
2.51	-70.9149
2.52	-70.9455
2.53	-70.7624
2.54	-70.9149
2.55	-70.9149
2.56	-70.7929
2.57	-70.9455
2.58	-70.8844
2.59	-70.7624
2.6	-70.8844
2.61	-70.8539
2.62	-70.7929
2.63	-70.9455
2.64	-70.7929
2.65	-70.8234
2.66	-71.037
2.67	-70.8234
2.68	-70.8539
2.69	-70.976
2.7	-70.7929
2.71	-70.7929
2.72	-70.9149
2.73	-70.8844
2.74	-70.8844
2.75	-70.9455
2.76	-70.8234
2.77	-70.8539
2.78	-70.9149
2.79	-70.7624
2.8	-70.8539
2.81	-70.9149
2.82	-70.8234
2.83	-70.8844
2.84	-70.9455
2.85	-70.7624
2.86	-70.9149
2.87	-70.8844
2.88	-70.7318
2.89	-70.8234
2.9	-70.7318
2.91	-70.7013
2.92	-70.9149
2.93	-70.7624
2.94	-70.7624
2.95	-70.9455
2.96	-70.6403
2.97	-70.7929
2.98	-70.8539
2.99	-70.7318
3	-70.7624
3.01	-70.9149
3.02	-70.7013
3.03	-70.8844
3.04	-70.8539
3.05	-70.7013
3.06	-70.8539
3.07	-70.7929
3.08	-70.7013
3.09	-70.8844
3.1	-70.7929
3.11	-70.7624
3.12	-70.8539
3.13	-70.7624
3.14	-70.7318
3.15	-70.8844
3.16	-70.8234
3.17	-70.7318
3.18	-70.8234
3.19	-70.7318
3.2	-70.7929
3.21	-70.7929
3.22	-70.7318
3.23	-70.7318
3.24	-70.8539
3.25	-70.7013
3.26	-70.7624
3.27	-70.8539
3.28	-70.7013
3.29	-70.7624
3.3	-70.8539
3.31	-70.6708
3.32	-70.7929
3.33	-70.8234
3.34	-70.7318
3.35	-70.8539
3.36	-70.7929
3.37	-70.6403
3.38	-70.8234
3.39	-70.7624
3.4	-70.7318
3.41	-70.8844
3.42	-70.6708
3.43	-70.6403
3.44	-70.7929
3.45	-70.6708
3.46	-70.7624
3.47	-70.8234
3.48	-70.6403
3.49	-70.7624
3.5	-70.8539
3.51	-70.7318
3.52	-70.8234
3.53	-70.8234
3.54	-70.6708
3.55	-70.7624
3.56	-70.7929
3.57	-70.6708
3.58	-70.7624
3.59	-70.7929
3.6	-70.6708
3.61	-70.7929
3.62	-70.6708
3.63	-70.7318
3.64	-70.8234
3.65	-70.7318
3.66	-70.6708
3.67	-70.8234
3.68	-70.7013
3.69	-70.6708
3.7	-70.7929
3.71	-70.6403
3.72	-70.7013
3.73	-70.7624
3.74	-70.6403
3.75	-70.6708
3.76	-70.7318
3.77	-70.6403
3.78	-70.6708
3.79	-70.7013
3.8	-70.5487
3.81	-70.7013
3.82	-70.7624
3.83	-70.6098
3.84	-70.7318
3.85	-70.7318
3.86	-70.5792
3.87	-70.7624
3.88	-70.6403
3.89	-70.6098
3.9	-70.8234
3.91	-70.7013
3.92	-70.6708
3.93	-70.8234
3.94	-70.6403
3.95	-70.7013
3.96	-70.8234
3.97	-70.5792
3.98	-70.7013
3.99	-70.7929
4	-70.6098
4.01	-70.7929
4.02	-70.7318
4.03	-70.6403
4.04	-70.7318
4.05	-70.7013
4.06	-70.6403
4.07	-70.7624
4.08	-70.7318
4.09	-70.6403
4.1	-70.7624
4.11	-70.6403
4.12	-70.5792
4.13	-70.7013
4.14	-70.6403
4.15	-70.6098
4.16	-70.7624
4.17	-70.6708
4.18	-70.6403
4.19	-70.7929
4.2	-70.6403
4.21	-70.6708
4.22	-70.8234
4.23	-70.6098
4.24	-70.7318
4.25	-70.7624
4.26	-70.6708
4.27	-70.7013
4.28	-70.7624
4.29	-70.6098
4.3	-70.7318
4.31	-70.7318
4.32	-70.6098
4.33	-70.7318
4.34	-70.7318
4.35	-70.5792
4.36	-70.7624
4.37	-70.6403
4.38	-70.5792
4.39	-70.7624
4.4	-70.5792
4.41	-70.6708
4.42	-70.7929
4.43	-70.6708
4.44	-70.7929
4.45	-70.8539
4.46	-70.6403
4.47	-70.8234
4.48	-70.7929
4.49	-70.6708
4.5	-70.8234
4.51	-70.7929
4.52	-70.6708
4.53	-70.7624
4.54	-70.6098
4.55	-70.5487
4.56	-70.7013
4.57	-70.6098
4.58	-70.6098
4.59	-70.6708
4.6	-70.6098
4.61	-70.5182
4.62	-70.6708
4.63	-70.6403
4.64	-70.6403
4.65	-70.7318
4.66	-70.6098
4.67	-70.6708
4.68	-70.6708
4.69	-70.5487
4.7	-70.6098
4.71	-70.7013
4.72	-70.5792
4.73	-70.6403
4.74	-70.7318
4.75	-70.5792
4.76	-70.6403
4.77	-70.7013
4.78	-70.5182
4.79	-70.6708
4.8	-70.7013
4.81	-70.5792
4.82	-70.7624
4.83	-70.6403
4.84	-70.6098
4.85	-70.7624
4.86	-70.6098
4.87	-70.5487
4.88	-70.7624
4.89	-70.6098
4.9	-70.6708
4.91	-70.7624
4.92	-70.5487
4.93	-70.6403
4.94	-70.7318
4.95	-70.5487
4.96	-70.6708
4.97	-70.7013
4.98	-70.4877
4.99	-70.6708
5	-70.6403
5.01	-70.5487
5.02	-70.7318
5.03	-70.6403
5.04	-70.6098
5.05	-70.7013
5.06	-70.6098
5.07	-70.6403
5.08	-70.7013
5.09	-70.6098
5.1	-70.5487
5.11	-70.6708
5.12	-70.5792
5.13	-70.6098
5.14	-70.7013
5.15	-70.5792
5.16	-70.6403
5.17	-70.7318
5.18	-70.6098
5.19	-70.6098
5.2	-70.7013
5.21	-70.5487
5.22	-70.6403
5.23	-70.6708
5.24	-70.5182
5.25	-70.6403
5.26	-70.7013
5.27	-70.5182
5.28	-70.6403
5.29	-70.6403
5.3	-70.4877
5.31	-70.6708
5.32	-70.5792
5.33	-70.5182
5.34	-70.7318
5.35	-70.5182
5.36	-70.5182
5.37	-70.7624
5.38	-70.5182
5.39	-70.5487
5.4	-70.7013
5.41	-70.5487
5.42	-70.6098
5.43	-70.7013
5.44	-70.5182
5.45	-70.6708
5.46	-70.7013
5.47	-70.4877
5.48	-70.6708
5.49	-70.6403
5.5	-70.5182
5.51	-70.6403
5.52	-70.6098
5.53	-70.5182
5.54	-70.6403
5.55	-70.4877
5.56	-70.4877
5.57	-70.6403
5.58	-70.5487
5.59	-70.4877
5.6	-70.6098
5.61	-70.5182
5.62	-70.5487
5.63	-70.6403
5.64	-70.5487
5.65	-70.4877
5.66	-70.6098
5.67	-70.5792
5.68	-70.6098
5.69	-70.6708
5.7	-70.4877
5.71	-70.5792
5.72	-70.6403
5.73	-70.5487
5.74	-70.6708
5.75	-70.6708
5.76	-70.4572
5.77	-70.6098
5.78	-70.6098
5.79	-70.5182
5.8	-70.6708
5.81	-70.6403
5.82	-70.4877
5.83	-70.6708
5.84	-70.5182
5.85	-70.4877
5.86	-70.7013
5.87	-70.4877
5.88	-70.5487
5.89	-70.6403
5.9	-70.4877
5.91	-70.5792
5.92	-70.5792
5.93	-70.3961
5.94	-70.5487
5.95	-70.6403
5.96	-70.4572
5.97	-70.6708
5.98	-70.5792
5.99	-70.4877
6	-70.5792
6.01	-70.5487
6.02	-70.4877
6.03	-70.6098
6.04	-70.5182
6.05	-70.4572
6.06	-70.6098
6.07	-70.5487
6.08	-70.5182
6.09	-70.6403
6.1	-70.5487
6.11	-70.5792
6.12	-70.7013
6.13	-70.5792
6.14	-70.5487
6.15	-70.6708
6.16	-70.4877
6.17	-70.6098
6.18	-70.7318
6.19	-70.4877
6.2	-70.5792
6.21	-70.6403
6.22	-70.4877
6.23	-70.5792
6.24	-70.6403
6.25	-70.5182
6.26	-70.6708
6.27	-70.6098
6.28	-70.4572
6.29	-70.7013
6.3	-70.5792
6.31	-70.5182
6.32	-70.6708
6.33	-70.5182
6.34	-70.4877
6.35	-70.6708
6.36	-70.4877
6.37	-70.5487
6.38	-70.6708
6.39	-70.4572
6.4	-70.5182
6.41	-70.6403
6.42	-70.5182
6.43	-70.6403
6.44	-70.7318
6.45	-70.4877
6.46	-70.6708
6.47	-70.5792
6.48	-70.4572
6.49	-70.5792
6.5	-70.4877
6.51	-70.4572
6.52	-70.6098
6.53	-70.4266
6.54	-70.4266
6.55	-70.5487
6.56	-70.4572
6.57	-70.4877
6.58	-70.5487
6.59	-70.4572
6.6	-70.4877
6.61	-70.6403
6.62	-70.4572
6.63	-70.5182
6.64	-70.6403
6.65	-70.5182
6.66	-70.4877
6.67	-70.5792
6.68	-70.4572
6.69	-70.5487
6.7	-70.6098
6.71	-70.4266
6.72	-70.5182
6.73	-70.5792
6.74	-70.3656
6.75	-70.6098
6.76	-70.6098
6.77	-70.4572
6.78	-70.7013
6.79	-70.6403
6.8	-70.5182
6.81	-70.7013
6.82	-70.5487
6.83	-70.5182
6.84	-70.6708
6.85	-70.5182
6.86	-70.5487
6.87	-70.6708
6.88	-70.4266
6.89	-70.5182
6.9	-70.6403
6.91	-70.4572
6.92	-70.5792
6.93	-70.6098
6.94	-70.5182
6.95	-70.6098
6.96	-70.5792
6.97	-70.4266
6.98	-70.6098
6.99	-70.5792
7	-70.4877
7.01	-70.6098
7.02	-70.5487
7.03	-70.4877
7.04	-70.6403
7.05	-70.5792
7.06	-70.5182
7.07	-70.6403
7.08	-70.5182
7.09	-70.4877
7.1	-70.6098
7.11	-70.4572
7.12	-70.4877
7.13	-70.5792
7.14	-70.5182
7.15	-70.5182
7.16	-70.5792
7.17	-70.4877
7.18	-70.4877
7.19	-70.5487
7.2	-70.4266
7.21	-70.5182
7.22	-70.6403
7.23	-70.3961
7.24	-70.5792
7.25	-70.5487
7.26	-70.4266
7.27	-70.5487
7.28	-70.5182
7.29	-70.4266
7.3	-70.6098
7.31	-70.4266
7.32	-70.4572
7.33	-70.6098
7.34	-70.4572
7.35	-70.4572
7.36	-70.6403
7.37	-70.4572
7.38	-70.5487
7.39	-70.5792
7.4	-70.4877
7.41	-70.6098
7.42	-70.5487
7.43	-70.3961
7.44	-70.5792
7.45	-70.4877
7.46	-70.3961
7.47	-70.6098
7.48	-70.4877
7.49	-70.4572
7.5	-70.6403
7.51	-70.4572
7.52	-70.5182
7.53	-70.5792
7.54	-70.4877
7.55	-70.4572
7.56	-70.6403
7.57	-70.4572
7.58	-70.5182
7.59	-70.5792
7.6	-70.5182
7.61	-70.5182
7.62	-70.5487
7.63	-70.4572
7.64	-70.5182
7.65	-70.5792
7.66	-70.4572
7.67	-70.5792
7.68	-70.6098
7.69	-70.3656
7.7	-70.4877
7.71	-70.5182
7.72	-70.4266
7.73	-70.5792
7.74	-70.5792
7.75	-70.4572
7.76	-70.6708
7.77	-70.6098
7.78	-70.4572
7.79	-70.6403
7.8	-70.5182
7.81	-70.5182
7.82	-70.6708
7.83	-70.4572
7.84	-70.6098
7.85	-70.6708
7.86	-70.5182
7.87	-70.5792
7.88	-70.6708
7.89	-70.4572
7.9	-70.6098
7.91	-70.6403
7.92	-70.4877
7.93	-70.6098
7.94	-70.5487
7.95	-70.4572
7.96	-70.6098
7.97	-70.5792
7.98	-70.5182
7.99	-70.6098
8	-70.5487
8.01	-70.4877
8.02	-70.6708
8.03	-70.5182
8.04	-70.4877
8.05	-70.5792
8.06	-70.5487
8.07	-70.5487
8.08	-70.5792
8.09	-70.5182
8.1	-70.4877
8.11	-70.6708
8.12	-70.4572
8.13	-70.5487
8.14	-70.6403
8.15	-70.4572
8.16	-70.5792
8.17	-70.6403
8.18	-70.4266
8.19	-70.5487
8.2	-70.5792
8.21	-70.4266
8.22	-70.6708
8.23	-70.5792
8.24	-70.4572
8.25	-70.7318
8.26	-70.5182
8.27	-70.3961
8.28	-70.6708
8.29	-70.5182
8.3	-70.5182
8.31	-70.6098
8.32	-70.4877
8.33	-70.5182
8.34	-70.6403
8.35	-70.3656
8.36	-70.5792
8.37	-70.6403
8.38	-70.4266
8.39	-70.5792
8.4	-70.5792
8.41	-70.4572
8.42	-70.6098
8.43	-70.5182
8.44	-70.4877
8.45	-70.5792
8.46	-70.5487
8.47	-70.3961
8.48	-70.6098
8.49	-70.4572
8.5	-70.4266
8.51	-70.5487
8.52	-70.4572
8.53	-70.4877
8.54	-70.5792
8.55	-70.4572
8.56	-70.4877
8.57	-70.6403
8.58	-70.4572
8.59	-70.5487
8.6	-70.6403
8.61	-70.5182
8.62	-70.5487
8.63	-70.6708
8.64	-70.5487
8.65	-70.6403
8.66	-70.6708
8.67	-70.4877
8.68	-70.6098
8.69	-70.5792
8.7	-70.4877
8.71	-70.7013
8.72	-70.7013
8.73	-70.4877
8.74	-70.6403
8.75	-70.5487
8.76	-70.4572
8.77	-70.6708
8.78	-70.4572
8.79	-70.5182
8.8	-70.6403
8.81	-70.3961
8.82	-70.5182
8.83	-70.6403
8.84	-70.4266
8.85	-70.5182
8.86	-70.6098
8.87	-70.4572
8.88	-70.6098
8.89	-70.5792
8.9	-70.4266
8.91	-70.6098
8.92	-70.4877
8.93	-70.4266
8.94	-70.6098
8.95	-70.5182
8.96	-70.5182
8.97	-70.6403
8.98	-70.5487
8.99	-70.5182
9	-70.5792
9.01	-70.5182
9.02	-70.5182
9.03	-70.6403
9.04	-70.5182
9.05	-70.5487
9.06	-70.5792
9.07	-70.4877
9.08	-70.4877
9.09	-70.6403
9.1	-70.5182
9.11	-70.5182
9.12	-70.6098
9.13	-70.4572
9.14	-70.5487
9.15	-70.5792
9.16	-70.4266
9.17	-70.6098
9.18	-70.5792
9.19	-70.4266
9.2	-70.6403
9.21	-70.5487
9.22	-70.4266
9.23	-70.5792
9.24	-70.5182
9.25	-70.4877
9.26	-70.6403
9.27	-70.4877
9.28	-70.4266
9.29	-70.5792
9.3	-70.4572
9.31	-70.5182
9.32	-70.6098
9.33	-70.3961
9.34	-70.5487
9.35	-70.6098
9.36	-70.4572
9.37	-70.5487
9.38	-70.5792
9.39	-70.3961
9.4	-70.6098
9.41	-70.5792
9.42	-70.4572
9.43	-70.5792
9.44	-70.5487
9.45	-70.4266
9.46	-70.6098
9.47	-70.5182
9.48	-70.4877
9.49	-70.6098
9.5	-70.4877
9.51	-70.5182
9.52	-70.4877
9.53	-70.4572
9.54	-70.4877
9.55	-70.5487
9.56	-70.4572
9.57	-70.5487
9.58	-70.5792
9.59	-70.4877
9.6	-70.5487
9.61	-70.6403
9.62	-70.4877
9.63	-70.5487
9.64	-70.4877
9.65	-70.4266
9.66	-70.4572
9.67	-70.4877
9.68	-70.4572
9.69	-70.5487
9.7	-70.5182
9.71	-70.3961
9.72	-70.5182
9.73	-70.4572
9.74	-70.4877
9.75	-70.6708
9.76	-70.4572
9.77	-70.4572
9.78	-70.6403
9.79	-70.3961
9.8	-70.4877
9.81	-70.6098
9.82	-70.4266
9.83	-70.5182
9.84	-70.5792
9.85	-70.3656
9.86	-70.5182
9.87	-70.5792
9.88	-70.3961
9.89	-70.6098
9.9	-70.5182
9.91	-70.3961
9.92	-70.5792
9.93	-70.4572
9.94	-70.4572
9.95	-70.5487
9.96	-70.4572
9.97	-70.3961
9.98	-70.5487
9.99	-70.3961
10	-70.4266
10.01	-70.5487
10.02	-70.4266
10.03	-70.4266
10.04	-70.5487
10.05	-70.3351
10.06	-70.4266
10.07	-70.5487
10.08	-70.4572
10.09	-70.4572
10.1	-70.4877
10.11	-70.3656
10.12	-70.3961
10.13	-70.4572
10.14	-70.2741
10.15	-70.4572
10.16	-70.4266
10.17	-70.3656
10.18	-70.5792
10.19	-70.4877
10.2	-70.3656
10.21	-70.5182
10.22	-70.4877
10.23	-70.3656
10.24	-70.5792
10.25	-70.4572
10.26	-70.4877
10.27	-70.6098
10.28	-70.4266
10.29	-70.4877
10.3	-70.5792
10.31	-70.3656
10.32	-70.4877
10.33	-70.6098
10.34	-70.3656
10.35	-70.5487
10.36	-70.5487
10.37	-70.3656
10.38	-70.5487
10.39	-70.5182
10.4	-70.3656
10.41	-70.4877
10.42	-70.4266
10.43	-70.3961
10.44	-70.5487
10.45	-70.3961
10.46	-70.3656
10.47	-70.5182
10.48	-70.3961
10.49	-70.4877
10.5	-70.5182
10.51	-70.4266
10.52	-70.4266
10.53	-70.5182
10.54	-70.3961
10.55	-70.4266
10.56	-70.4877
10.57	-70.3656
10.58	-70.4572
10.59	-70.5182
10.6	-70.3656
10.61	-70.4572
10.62	-70.5182
10.63	-70.3656
10.64	-70.5182
10.65	-70.4877
10.66	-70.3046
10.67	-70.5487
10.68	-70.4266
10.69	-70.3656
10.7	-70.5487
10.71	-70.3961
10.72	-70.3046
10.73	-70.4572
10.74	-70.3656
10.75	-70.3961
10.76	-70.4877
10.77	-70.3046
10.78	-70.4266
10.79	-70.4877
10.8	-70.3046
10.81	-70.5182
10.82	-70.4877
10.83	-70.3351
10.84	-70.4572
10.85	-70.4572
10.86	-70.3351
10.87	-70.5487
10.88	-70.3351
10.89	-70.3351
10.9	-70.4572
10.91	-70.3961
10.92	-70.2741
10.93	-70.4572
10.94	-70.4572
10.95	-70.3656
10.96	-70.4266
10.97	-70.3351
10.98	-70.3961
10.99	-70.4572
11	-70.3046
11.01	-70.3656
11.02	-70.4266
11.03	-70.3961
11.04	-70.3961
11.05	-70.4877
11.06	-70.3351
11.07	-70.4266
11.08	-70.5182
11.09	-70.3351
11.1	-70.4266
11.11	-70.4572
11.12	-70.3351
11.13	-70.3961
11.14	-70.4572
11.15	-70.3351
11.16	-70.4877
11.17	-70.3961
11.18	-70.3351
11.19	-70.4877
11.2	-70.3351
11.21	-70.3351
11.22	-70.4266
11.23	-70.3046
11.24	-70.3961
11.25	-70.6708
11.26	-70.3351
11.27	-70.3961
11.28	-70.5182
11.29	-70.3961
11.3	-70.4877
11.31	-70.5182
11.32	-70.3351
11.33	-70.5182
11.34	-70.4266
11.35	-70.3351
11.36	-70.4266
11.37	-70.3351
11.38	-70.3351
11.39	-70.5182
11.4	-70.4266
11.41	-70.3656
11.42	-70.4877
11.43	-70.3961
11.44	-70.4266
11.45	-70.5487
11.46	-70.3961
11.47	-70.4572
11.48	-70.4877
11.49	-70.3656
11.5	-70.4266
11.51	-70.5182
11.52	-70.3351
11.53	-70.3351
11.54	-70.4266
11.55	-70.3351
11.56	-70.3961
11.57	-70.4572
11.58	-70.3351
11.59	-70.4266
11.6	-70.4266
11.61	-70.2741
11.62	-70.5182
11.63	-70.4572
11.64	-70.3351
11.65	-70.4877
11.66	-70.4572
11.67	-70.3656
11.68	-70.6098
11.69	-70.3961
11.7	-70.3961
11.71	-70.5487
11.72	-70.3961
11.73	-70.4266
11.74	-70.5182
11.75	-70.3046
11.76	-70.3961
11.77	-70.4572
11.78	-70.3046
11.79	-70.3961
11.8	-70.3961
11.81	-70.2435
11.82	-70.4266
11.83	-70.4266
11.84	-70.2741
11.85	-70.3656
11.86	-70.3351
11.87	-70.3351
11.88	-70.4877
11.89	-70.4266
11.9	-70.3656
11.91	-70.4266
11.92	-70.3046
11.93	-70.3351
11.94	-70.3961
11.95	-70.2741
11.96	-70.3046
11.97	-70.4266
11.98	-70.3656
11.99	-70.3351
12	-70.4877
12.01	-70.3046
12.02	-70.3656
12.03	-70.4572
12.04	-70.3046
12.05	-70.3961
12.06	-70.4572
12.07	-70.3351
12.08	-70.4266
12.09	-70.4572
12.1	-70.3046
12.11	-70.3961
12.12	-70.4572
12.13	-70.3046
12.14	-70.5182
12.15	-70.3961
12.16	-70.3046
12.17	-70.5487
12.18	-70.3351
12.19	-70.2741
12.2	-70.4877
12.21	-70.3351
12.22	-70.4266
12.23	-70.5182
12.24	-70.3046
12.25	-70.4266
12.26	-70.4877
12.27	-70.2435
12.28	-70.4572
12.29	-70.4877
12.3	-70.2741
12.31	-70.3961
12.32	-70.4572
12.33	-70.2741
12.34	-70.4266
12.35	-70.3351
12.36	-70.2741
12.37	-70.4266
12.38	-70.3351
12.39	-70.3351
12.4	-70.5182
12.41	-70.3656
12.42	-70.3351
12.43	-70.4266
12.44	-70.3351
12.45	-70.3961
12.46	-70.4877
12.47	-70.3351
12.48	-70.4266
12.49	-70.4572
12.5	-70.3046
12.51	-70.3961
12.52	-70.3961
12.53	-70.3046
12.54	-70.3656
12.55	-70.4266
12.56	-70.3046
12.57	-70.4266
12.58	-70.3961
12.59	-70.1825
12.6	-70.4266
12.61	-70.3961
12.62	-70.3046
12.63	-70.4877
12.64	-70.3961
12.65	-70.2741
12.66	-70.4877
12.67	-70.3046
12.68	-70.2741
12.69	-70.4266
12.7	-70.2741
12.71	-70.2435
12.72	-70.4572
12.73	-70.2435
12.74	-70.3656
12.75	-70.3961
12.76	-70.2435
12.77	-70.3961
12.78	-70.3656
12.79	-70.2435
12.8	-70.4266
12.81	-70.3656
12.82	-70.2741
12.83	-70.4266
12.84	-70.2741
12.85	-70.213
12.86	-70.4266
12.87	-70.3351
12.88	-70.2741
12.89	-70.3351
12.9	-70.3046
12.91	-70.3351
12.92	-70.4266
12.93	-70.213
12.94	-70.3046
12.95	-70.4266
12.96	-70.2741
12.97	-70.3046
12.98	-70.3961
12.99	-70.3351
13	-70.3351
13.01	-70.4877
13.02	-70.3046
13.03	-70.4266
13.04	-70.4877
13.05	-70.3046
13.06	-70.4266
13.07	-70.4266
13.08	-70.3046
13.09	-70.4572
13.1	-70.4266
13.11	-70.2435
13.12	-70.4266
13.13	-70.4266
13.14	-70.3351
13.15	-70.4877
13.16	-70.3656
13.17	-70.3351
13.18	-70.4877
13.19	-70.3046
13.2	-70.3656
13.21	-70.4877
13.22	-70.3046
13.23	-70.3656
13.24	-70.4266
13.25	-70.3046
13.26	-70.3656
13.27	-70.3656
13.28	-70.213
13.29	-70.3961
13.3	-70.3656
13.31	-70.2435
13.32	-70.4266
13.33	-70.3046
13.34	-70.2435
13.35	-70.4266
13.36	-70.3351
13.37	-70.2741
13.38	-70.4572
13.39	-70.2741
13.4	-70.2435
13.41	-70.3961
13.42	-70.2435
13.43	-70.3046
13.44	-70.3961
13.45	-70.3046
13.46	-70.3046
13.47	-70.3961
13.48	-70.3046
13.49	-70.3046
13.5	-70.3656
13.51	-70.2435
13.52	-70.3656
13.53	-70.4266
13.54	-70.3046
13.55	-70.5182
13.56	-70.4877
13.57	-70.3351
13.58	-70.5182
13.59	-70.3961
13.6	-70.3046
13.61	-70.5487
13.62	-70.4266
13.63	-70.3351
13.64	-70.4877
13.65	-70.3656
13.66	-70.3351
13.67	-70.4572
13.68	-70.3351
13.69	-70.3656
13.7	-70.4877
13.71	-70.3351
13.72	-70.3656
13.73	-70.3656
13.74	-70.2435
13.75	-70.3961
13.76	-70.3961
13.77	-70.2741
13.78	-70.4877
13.79	-70.4572
13.8	-70.4266
13.81	-70.5182
13.82	-70.4877
13.83	-70.3351
13.84	-70.5182
13.85	-70.3961
13.86	-70.3961
13.87	-70.5182
13.88	-70.3656
13.89	-70.3351
13.9	-70.4266
13.91	-70.3046
13.92	-70.3656
13.93	-70.4572
13.94	-70.3046
13.95	-70.3351
13.96	-70.3961
13.97	-70.2741
13.98	-70.3046
13.99	-70.3961
14	-70.2435
14.01	-70.3351
14.02	-70.3961
14.03	-70.2435
14.04	-70.3351
14.05	-70.3656
14.06	-70.213
14.07	-70.3961
14.08	-70.3351
14.09	-70.213
14.1	-70.4266
14.11	-70.2741
14.12	-70.1825
14.13	-70.3961
14.14	-70.2435
14.15	-70.2435
14.16	-70.4266
14.17	-70.2741
14.18	-70.3046
14.19	-70.4266
14.2	-70.1825
14.21	-70.2741
14.22	-70.4266
14.23	-70.213
14.24	-70.3351
14.25	-70.3351
14.26	-70.213
14.27	-70.4572
14.28	-70.3656
14.29	-70.213
14.3	-70.3656
14.31	-70.2435
14.32	-70.2741
14.33	-70.4266
14.34	-70.2741
14.35	-70.3351
14.36	-70.4266
14.37	-70.3351
14.38	-70.3351
14.39	-70.3656
14.4	-70.2741
14.41	-70.3046
14.42	-70.4266
14.43	-70.2741
14.44	-70.3046
14.45	-70.4266
14.46	-70.2435
14.47	-70.3656
14.48	-70.3961
14.49	-70.2435
14.5	-70.3656
14.51	-70.3656
14.52	-70.213
14.53	-70.3961
14.54	-70.3961
14.55	-70.213
14.56	-70.3961
14.57	-70.3351
14.58	-70.213
14.59	-70.3656
14.6	-70.213
14.61	-70.1825
14.62	-70.3961
14.63	-70.1825
14.64	-70.152
14.65	-70.3961
14.66	-70.213
14.67	-70.2435
14.68	-70.3961
14.69	-70.2435
14.7	-70.2435
14.71	-70.3351
14.72	-70.152
14.73	-70.3351
14.74	-70.3351
14.75	-70.1825
14.76	-70.4266
14.77	-70.3656
14.78	-70.2741
14.79	-70.3656
14.8	-70.2741
14.81	-70.2741
14.82	-70.3961
14.83	-70.3351
14.84	-70.3351
14.85	-70.3656
14.86	-70.2435
14.87	-70.2435
14.88	-70.3656
14.89	-70.2435
14.9	-70.3046
14.91	-70.3961
14.92	-70.2435
14.93	-70.3351
14.94	-70.3961
14.95	-70.2435
14.96	-70.2741
14.97	-70.3351
14.98	-70.213
14.99	-70.3351
15	-70.4266
15.01	-70.213
15.02	-70.3351
15.03	-70.3656
15.04	-70.2741
15.05	-70.3656
15.06	-70.3046
15.07	-70.213
15.08	-70.3961
15.09	-70.3046
15.1	-70.213
15.11	-70.4266
15.12	-70.2435
15.13	-70.213
15.14	-70.3351
15.15	-70.1825
15.16	-70.213
15.17	-70.3961
15.18	-70.2435
15.19	-70.3351
15.2	-70.3351
15.21	-70.213
15.22	-70.3351
15.23	-70.3351
15.24	-70.1825
15.25	-70.3656
15.26	-70.3351
15.27	-70.2435
15.28	-70.4266
15.29	-70.3046
15.3	-70.213
15.31	-70.4877
15.32	-70.2435
15.33	-70.2741
15.34	-70.3656
15.35	-70.213
15.36	-70.213
15.37	-70.2741
15.38	-70.213
15.39	-70.2435
15.4	-70.3046
15.41	-70.1825
15.42	-70.2741
15.43	-70.2741
15.44	-70.213
15.45	-70.3351
15.46	-70.3656
15.47	-70.152
15.48	-70.3351
15.49	-70.3656
15.5	-70.2741
15.51	-70.3656
15.52	-70.3656
15.53	-70.2435
15.54	-70.3961
15.55	-70.3046
15.56	-70.2435
15.57	-70.4266
15.58	-70.2741
15.59	-70.213
15.6	-70.4266
15.61	-70.3046
15.62	-70.1825
15.63	-70.3656
15.64	-70.213
15.65	-70.3046
15.66	-70.3351
15.67	-70.0604
15.68	-70.2741
15.69	-70.3351
15.7	-70.1825
15.71	-70.2741
15.72	-70.3046
15.73	-70.1825
15.74	-70.3046
15.75	-70.3046
15.76	-70.213
15.77	-70.3351
15.78	-70.2435
15.79	-70.1825
15.8	-70.3656
15.81	-70.2741
15.82	-70.2741
15.83	-70.3961
15.84	-70.213
15.85	-70.3046
15.86	-70.4266
15.87	-70.3046
15.88	-70.3351
15.89	-70.3961
15.9	-70.2741
15.91	-70.3961
15.92	-70.3961
15.93	-70.3046
15.94	-70.3351
15.95	-70.3351
15.96	-70.213
15.97	-70.3961
15.98	-70.4266
15.99	-70.2741
16	-70.3961
16.01	-70.3656
16.02	-70.2741
16.03	-70.4266
16.04	-70.3351
16.05	-70.2741
16.06	-70.4877
16.07	-70.3351
16.08	-70.3046
16.09	-70.4877
16.1	-70.3351
16.11	-70.3656
16.12	-70.5182
16.13	-70.3351
16.14	-70.4266
16.15	-70.4572
16.16	-70.3046
16.17	-70.4266
16.18	-70.4572
16.19	-70.2741
16.2	-70.4572
16.21	-70.4266
16.22	-70.3351
16.23	-70.4877
16.24	-70.3961
16.25	-70.2741
16.26	-70.4572
16.27	-70.3656
16.28	-70.3351
16.29	-70.4266
16.3	-70.2741
16.31	-70.3046
16.32	-70.4266
16.33	-70.2435
16.34	-70.2435
16.35	-70.3656
16.36	-70.2435
16.37	-70.213
16.38	-70.3656
16.39	-70.2435
16.4	-70.3046
16.41	-70.3351
16.42	-70.213
16.43	-70.3351
16.44	-70.3656
16.45	-70.2435
16.46	-70.3351
16.47	-70.3046
16.48	-70.1825
16.49	-70.3351
16.5	-70.3351
16.51	-70.213
16.52	-70.3656
16.53	-70.3656
16.54	-70.3046
16.55	-70.4266
16.56	-70.3046
16.57	-70.213
16.58	-70.4572
16.59	-70.3046
16.6	-70.3351
16.61	-70.4266
16.62	-70.2741
16.63	-70.3046
16.64	-70.3961
16.65	-70.1825
16.66	-70.2741
16.67	-70.3656
16.68	-70.1825
16.69	-70.4266
16.7	-70.3351
16.71	-70.2435
16.72	-70.3961
16.73	-70.3351
16.74	-70.2435
16.75	-70.4266
16.76	-70.3351
16.77	-70.3046
16.78	-70.4572
16.79	-70.3046
16.8	-70.2741
16.81	-70.3961
16.82	-70.2435
16.83	-70.2741
16.84	-70.4266
16.85	-70.1825
16.86	-70.3046
16.87	-70.3351
16.88	-70.3351
16.89	-70.3351
16.9	-70.3351
16.91	-70.2435
16.92	-70.3046
16.93	-70.2741
16.94	-70.213
16.95	-70.3656
16.96	-70.3046
16.97	-70.1825
16.98	-70.3351
16.99	-70.2741
17	-70.152
17.01	-70.3046
17.02	-70.2741
17.03	-70.2435
17.04	-70.3961
17.05	-70.2741
17.06	-70.213
17.07	-70.3656
17.08	-70.213
17.09	-70.2435
17.1	-70.3656
17.11	-70.2435
17.12	-70.3351
17.13	-70.3961
17.14	-70.2741
17.15	-70.3656
17.16	-70.3961
17.17	-70.1825
17.18	-70.3656
17.19	-70.3351
17.2	-70.152
17.21	-70.3351
17.22	-70.2741
17.23	-70.213
17.24	-70.3351
17.25	-70.2435
17.26	-70.2435
17.27	-70.3961
17.28	-70.2741
17.29	-70.2741
17.3	-70.3961
17.31	-70.2435
17.32	-70.2741
17.33	-70.3046
17.34	-70.2435
17.35	-70.2741
17.36	-70.3351
17.37	-70.2435
17.38	-70.3046
17.39	-70.3351
17.4	-70.2435
17.41	-70.3046
17.42	-70.3656
17.43	-70.2435
17.44	-70.3656
17.45	-70.3656
17.46	-70.2435
17.47	-70.3656
17.48	-70.3656
17.49	-70.2741
17.5	-70.3961
17.51	-70.3351
17.52	-70.213
17.53	-70.4266
17.54	-70.2435
17.55	-70.2741
17.56	-70.4266
17.57	-70.2435
17.58	-70.2435
17.59	-70.3656
17.6	-70.1215
17.61	-70.2435
17.62	-70.3351
17.63	-70.213
17.64	-70.3351
17.65	-70.3351
17.66	-70.1825
17.67	-70.3961
17.68	-70.3656
17.69	-70.152
17.7	-70.4266
17.71	-70.2435
17.72	-70.1825
17.73	-70.3961
17.74	-70.213
17.75	-70.2435
17.76	-70.4266
17.77	-70.2741
17.78	-70.3046
17.79	-70.3656
17.8	-70.213
17.81	-70.2435
17.82	-70.3656
17.83	-70.2435
17.84	-70.3046
17.85	-70.3656
17.86	-70.3046
17.87	-70.4266
17.88	-70.4266
17.89	-70.2741
17.9	-70.3046
17.91	-70.3351
17.92	-70.213
17.93	-70.3351
17.94	-70.3656
17.95	-70.213
17.96	-70.3656
17.97	-70.3351
17.98	-70.2435
17.99	-70.4266
18	-70.3656
18.01	-70.2741
18.02	-70.3656
18.03	-70.2741
18.04	-70.3046
18.05	-70.4572
18.06	-70.3351
18.07	-70.3351
18.08	-70.4572
18.09	-70.2741
18.1	-70.3046
18.11	-70.4266
18.12	-70.213
18.13	-70.3961
18.14	-70.4266
18.15	-70.2435
18.16	-70.3961
18.17	-70.3351
18.18	-70.213
18.19	-70.3961
18.2	-70.3046
18.21	-70.1825
18.22	-70.3351
18.23	-70.2435
18.24	-70.213
18.25	-70.3046
18.26	-70.2435
18.27	-70.2435
18.28	-70.3351
18.29	-70.1825
18.3	-70.2435
18.31	-70.3656
18.32	-70.2741
18.33	-70.3351
18.34	-70.3351
18.35	-70.2435
18.36	-70.3351
18.37	-70.3656
18.38	-70.2435
18.39	-70.3351
18.4	-70.3351
18.41	-70.213
18.42	-70.3351
18.43	-70.3046
18.44	-70.2741
18.45	-70.3656
18.46	-70.3961
18.47	-70.2741
18.48	-70.3961
18.49	-70.3351
18.5	-70.2435
18.51	-70.5487
18.52	-70.3351
18.53	-70.3046
18.54	-70.4877
18.55	-70.3046
18.56	-70.3351
18.57	-70.5182
18.58	-70.2741
18.59	-70.3961
18.6	-70.4877
18.61	-70.2435
18.62	-70.3961
18.63	-70.4266
18.64	-70.2741
18.65	-70.4266
18.66	-70.3961
18.67	-70.2741
18.68	-70.4572
18.69	-70.3351
18.7	-70.2741
18.71	-70.4877
18.72	-70.3351
18.73	-70.3961
18.74	-70.4877
18.75	-70.3351
18.76	-70.3351
18.77	-70.4877
18.78	-70.3351
18.79	-70.3961
18.8	-70.4266
18.81	-70.3351
18.82	-70.3961
18.83	-70.4266
18.84	-70.3046
18.85	-70.3961
18.86	-70.4572
18.87	-70.2741
18.88	-70.3656
18.89	-70.3961
18.9	-70.2435
18.91	-70.4266
18.92	-70.3656
18.93	-70.2435
18.94	-70.4266
18.95	-70.3656
18.96	-70.2741
18.97	-70.4266
18.98	-70.3351
18.99	-70.2741
19	-70.4572
19.01	-70.3351
19.02	-70.2741
19.03	-70.4877
19.04	-70.3656
19.05	-70.3351
19.06	-70.4572
19.07	-70.2741
19.08	-70.3656
19.09	-70.4266
19.1	-70.2435
19.11	-70.4266
19.12	-70.3961
19.13	-70.2435
19.14	-70.3961
19.15	-70.4266
19.16	-70.3351
19.17	-70.5182
19.18	-70.4266
19.19	-70.3046
19.2	-70.5182
19.21	-70.3656
19.22	-70.3656
19.23	-70.5182
19.24	-70.3351
19.25	-70.3961
19.26	-70.4877
19.27	-70.2741
19.28	-70.3656
19.29	-70.4572
19.3	-70.3046
19.31	-70.3656
19.32	-70.4572
19.33	-70.3656
19.34	-70.4266
19.35	-70.4572
19.36	-70.3046
19.37	-70.3961
19.38	-70.4266
19.39	-70.3046
19.4	-70.4266
19.41	-70.4572
19.42	-70.3351
19.43	-70.4572
19.44	-70.4266
19.45	-70.2741
19.46	-70.3961
19.47	-70.3961
19.48	-70.3046
19.49	-70.5182
19.5	-70.3351
19.51	-70.3046
19.52	-70.4572
19.53	-70.3351
19.54	-70.3351
19.55	-70.5182
19.56	-70.2741
19.57	-70.3961
19.58	-70.3961
19.59	-70.213
19.6	-70.4572
19.61	-70.4266
19.62	-70.2741
19.63	-70.4572
19.64	-70.3656
19.65	-70.3046
19.66	-70.4572
19.67	-70.3656
19.68	-70.3351
19.69	-70.4877
19.7	-70.3351
19.71	-70.3351
19.72	-70.5792
19.73	-70.4266
19.74	-70.4877
19.75	-70.4877
19.76	-70.2741
19.77	-70.3351
19.78	-70.4572
19.79	-70.3351
19.8	-70.4266
19.81	-70.3961
19.82	-70.3046
19.83	-70.3656
19.84	-70.3961
19.85	-70.3046
19.86	-70.3961
19.87	-70.4266
19.88	-70.3046
19.89	-70.4266
19.9	-70.3351
19.91	-70.2741
19.92	-70.3656
19.93	-70.3656
19.94	-70.3046
19.95	-70.4572
19.96	-70.3961
19.97	-70.3351
19.98	-70.5487
19.99	-70.3656
20	-70.3961
20.01	-70.5487
20.02	-70.3351
20.03	-70.4572
20.04	-70.5182
20.05	-70.3351
20.06	-70.4572
20.07	-70.5182
20.08	-70.3656
20.09	-70.5182
20.1	-70.4877
20.11	-70.3656
20.12	-70.5487
20.13	-70.4572
20.14	-70.3656
20.15	-70.5487
20.16	-70.4266
20.17	-70.3351
20.18	-70.4877
20.19	-70.3046
20.2	-70.3351
20.21	-70.5182
20.22	-70.4266
20.23	-70.3961
20.24	-70.5487
20.25	-70.3961
20.26	-70.3961
20.27	-70.4877
20.28	-70.3656
20.29	-70.3961
20.3	-70.4877
20.31	-70.3351
20.32	-70.4572
20.33	-70.5182
20.34	-70.3961
20.35	-70.4572
20.36	-70.4572
20.37	-70.3351
20.38	-70.4266
20.39	-70.4572
20.4	-70.3046
20.41	-70.4266
20.42	-70.3961
20.43	-70.2741
20.44	-70.4572
20.45	-70.3656
20.46	-70.3351
20.47	-70.5182
20.48	-70.3656
20.49	-70.3961
20.5	-70.5182
20.51	-70.3351
20.52	-70.3351
20.53	-70.5182
20.54	-70.3961
20.55	-70.4572
20.56	-70.5182
20.57	-70.3351
20.58	-70.5182
20.59	-70.4877
20.6	-70.3351
20.61	-70.5487
20.62	-70.4266
20.63	-70.3351
20.64	-70.4877
20.65	-70.4266
20.66	-70.3961
20.67	-70.5182
20.68	-70.3656
20.69	-70.3961
20.7	-70.5487
20.71	-70.3961
20.72	-70.3961
20.73	-70.5182
20.74	-70.3656
20.75	-70.3961
20.76	-70.4572
20.77	-70.3351
20.78	-70.4572
20.79	-70.5487
20.8	-70.4572
20.81	-70.5792
20.82	-70.6098
20.83	-70.4572
20.84	-70.5487
20.85	-70.5487
20.86	-70.3961
20.87	-70.4572
20.88	-70.4877
20.89	-70.3046
20.9	-70.4877
20.91	-70.3961
20.92	-70.3351
20.93	-70.5182
20.94	-70.3656
20.95	-70.3656
20.96	-70.5182
20.97	-70.3656
20.98	-70.3351
20.99	-70.5487
21	-70.3046
21.01	-70.3656
21.02	-70.6403
21.03	-70.4572
21.04	-70.6403
21.05	-70.7013
21.06	-70.3656
21.07	-70.5182
21.08	-70.4572
21.09	-70.152
21.1	-70.3046
21.11	-70.152
21.12	-69.9994
21.13	-70.152
21.14	-69.9384
21.15	-69.8163
21.16	-69.9078
21.17	-69.7858
21.18	-69.6942
21.19	-69.7552
21.2	-69.6026
21.21	-69.6332
21.22	-69.6332
21.23	-69.4501
21.24	-69.4195
21.25	-69.4501
21.26	-69.328
21.27	-69.3585
21.28	-69.389
21.29	-69.2364
21.3	-69.3585
21.31	-69.2975
21.32	-69.1449
21.33	-69.2059
21.34	-69.2059
21.35	-69.0533
21.36	-69.1754
21.37	-69.1449
21.38	-69.0228
21.39	-69.1449
21.4	-69.0533
21.41	-68.9923
21.42	-69.1449
21.43	-69.0228
21.44	-68.9312
21.45	-69.0533
21.46	-68.9007
21.47	-68.9312
21.48	-69.0533
21.49	-68.8397
21.5	-68.9007
21.51	-68.9923
21.52	-68.8092
21.53	-68.9007
21.54	-68.9312
21.55	-68.6871
21.56	-68.8702
21.57	-68.8092
21.58	-68.6261
21.59	-68.8702
21.6	-68.7176
21.61	-68.6566
21.62	-68.9007
21.63	-68.7176
21.64	-68.6261
21.65	-68.7481
21.66	-68.6261
21.67	-68.6261
21.68	-68.7481
21.69	-68.5955
21.7	-68.6261
21.71	-68.6871
21.72	-68.5345
21.73	-68.565
21.74	-68.6566
21.75	-68.4735
21.76	-68.5345
21.77	-68.5345
21.78	-68.4429
21.79	-68.504
21.8	-68.5345
21.81	-68.4124
21.82	-68.504
21.83	-68.504
21.84	-68.3209
21.85	-68.4735
21.86	-68.4124
21.87	-68.4124
21.88	-68.4735
21.89	-68.3514
21.9	-68.3819
21.91	-68.5345
21.92	-68.3819
21.93	-68.3514
21.94	-68.504
21.95	-68.3514
21.96	-68.3209
21.97	-68.4429
21.98	-68.2598
21.99	-68.2904
22	-68.4124
22.01	-68.2293
22.02	-68.2904
22.03	-68.3514
22.04	-68.1988
22.05	-68.3514
22.06	-68.2904
22.07	-68.1683
22.08	-68.2904
22.09	-68.2293
22.1	-68.1378
22.11	-68.2904
22.12	-68.1988
22.13	-68.0767
22.14	-68.2904
22.15	-68.0767
22.16	-68.0767
22.17	-68.2598
22.18	-68.1072
22.19	-68.1072
22.2	-68.2598
22.21	-68.1072
22.22	-68.1988
22.23	-68.1378
22.24	-68.0462
22.25	-68.1378
22.26	-68.1378
22.27	-68.0767
22.28	-68.1072
22.29	-68.1072
22.3	-68.0157
22.31	-68.0767
22.32	-68.0462
22.33	-67.9546
22.34	-68.0462
22.35	-68.0157
22.36	-67.8936
22.37	-68.0462
22.38	-67.9852
22.39	-67.8021
22.4	-67.9852
22.41	-67.8936
22.42	-67.8326
22.43	-68.0157
22.44	-67.8326
22.45	-67.8326
22.46	-67.9546
22.47	-67.8021
22.48	-67.8631
22.49	-67.9241
22.5	-67.741
22.51	-67.8936
22.52	-67.8936
22.53	-67.741
22.54	-67.8326
22.55	-67.8021
22.56	-67.7105
22.57	-67.8326
22.58	-67.7715
22.59	-67.68
22.6	-67.8631
22.61	-67.741
22.62	-67.6495
22.63	-67.8326
22.64	-67.68
22.65	-67.68
22.66	-67.8326
22.67	-67.68
22.68	-67.7715
22.69	-67.8326
22.7	-67.68
22.71	-67.741
22.72	-67.7105
22.73	-67.6495
22.74	-67.7105
22.75	-67.7105
22.76	-67.6189
22.77	-67.7105
22.78	-67.68
22.79	-67.5579
22.8	-67.6495
22.81	-67.5884
22.82	-67.5274
22.83	-67.7105
22.84	-67.6495
22.85	-67.5274
22.86	-67.6189
22.87	-67.5274
22.88	-67.5274
22.89	-67.6495
22.9	-67.5579
22.91	-67.4664
22.92	-67.6495
22.93	-67.4969
22.94	-67.5274
22.95	-67.6189
22.96	-67.4053
22.97	-67.4358
22.98	-67.4969
22.99	-67.3138
23	-67.4664
23.01	-67.4664
23.02	-67.3138
23.03	-67.4664
23.04	-67.4053
23.05	-67.2527
23.06	-67.4664
23.07	-67.4053
23.08	-67.3138
23.09	-67.4358
23.1	-67.3138
23.11	-67.3748
23.12	-67.5274
23.13	-67.3443
23.14	-67.4358
23.15	-67.5579
23.16	-67.3443
23.17	-67.4053
23.18	-67.4358
23.19	-67.3138
23.2	-67.3748
23.21	-67.3748
23.22	-67.2222
23.23	-67.3748
23.24	-67.3138
23.25	-67.2527
23.26	-67.3138
23.27	-67.2832
23.28	-67.2222
23.29	-67.2832
23.3	-67.3138
23.31	-67.1612
23.32	-67.2527
23.33	-67.2832
23.34	-67.1306
23.35	-67.2527
23.36	-67.1612
23.37	-67.1612
23.38	-67.3138
23.39	-67.1917
23.4	-67.1612
23.41	-67.3138
23.42	-67.1001
23.43	-67.1306
23.44	-67.2527
23.45	-67.0086
23.46	-67.1306
23.47	-67.2222
23.48	-66.9475
23.49	-67.0696
23.5	-67.1306
23.51	-66.9781
23.52	-67.1612
23.53	-67.1001
23.54	-66.9781
23.55	-67.1306
23.56	-67.0391
23.57	-66.9475
23.58	-67.1917
23.59	-67.0086
23.6	-66.8865
23.61	-67.1306
23.62	-66.917
23.63	-66.9475
23.64	-67.1001
23.65	-66.917
23.66	-66.9475
23.67	-67.0086
23.68	-66.8255
23.69	-66.8865
23.7	-66.917
23.71	-66.7949
23.72	-66.917
23.73	-66.917
23.74	-66.7949
23.75	-66.8865
23.76	-66.8865
23.77	-66.7644
23.78	-66.856
23.79	-66.856
23.8	-66.7339
23.81	-66.9781
23.82	-66.8865
23.83	-66.7949
23.84	-67.0086
23.85	-66.917
23.86	-66.7949
23.87	-67.0391
23.88	-66.8865
23.89	-66.856
23.9	-67.0391
23.91	-66.8255
23.92	-66.8255
23.93	-66.917
23.94	-66.7034
23.95	-66.7949
23.96	-66.917
23.97	-66.6729
23.98	-66.7644
23.99	-66.7949
24	-66.6424
24.01	-66.7644
24.02	-66.7339
24.03	-66.6424
24.04	-66.8255
24.05	-66.6424
24.06	-66.6118
24.07	-66.7339
24.08	-66.6118
24.09	-66.6118
24.1	-66.7339
24.11	-66.6118
24.12	-66.6424
24.13	-66.7339
24.14	-66.6424
24.15	-66.6729
24.16	-66.7644
24.17	-66.5813
24.18	-66.6729
24.19	-66.6729
24.2	-66.5813
24.21	-66.7339
24.22	-66.6424
24.23	-66.4898
24.24	-66.6118
24.25	-66.6118
24.26	-66.4898
24.27	-66.6118
24.28	-66.5813
24.29	-66.5203
24.3	-66.6118
24.31	-66.5813
24.32	-66.5508
24.33	-66.6118
24.34	-66.5203
24.35	-66.4898
24.36	-66.6729
24.37	-66.5203
24.38	-66.4592
24.39	-66.6424
24.4	-66.4287
24.41	-66.4287
24.42	-66.5203
24.43	-66.3066
24.44	-66.4287
24.45	-66.4592
24.46	-66.2761
24.47	-66.4287
24.48	-66.4592
24.49	-66.3066
24.5	-66.4287
24.51	-66.4592
24.52	-66.2761
24.53	-66.4898
24.54	-66.3982
24.55	-66.3372
24.56	-66.4898
24.57	-66.4287
24.58	-66.3066
24.59	-66.3982
24.6	-66.2456
24.61	-66.2761
24.62	-66.3982
24.63	-66.2456
24.64	-66.3066
24.65	-66.3677
24.66	-66.1541
24.67	-66.2456
24.68	-66.3066
24.69	-66.1846
24.7	-66.2761
24.71	-66.3066
24.72	-66.2151
24.73	-66.2456
24.74	-66.2761
24.75	-66.093
24.76	-66.2151
24.77	-66.2151
24.78	-66.1235
24.79	-66.2456
24.8	-66.2456
24.81	-66.0625
24.82	-66.2151
24.83	-66.093
24.84	-66.1541
24.85	-66.3066
24.86	-66.1541
24.87	-66.0625
24.88	-66.1846
24.89	-66.032
24.9	-66.1235
24.91	-66.2151
24.92	-66.093
24.93	-66.1846
24.94	-66.2456
24.95	-66.093
24.96	-66.1846
24.97	-66.2456
24.98	-65.9709
24.99	-66.1846
25	-66.1846
25.01	-66.0015
25.02	-66.1846
25.03	-66.0625
25.04	-65.9709
25.05	-66.1846
25.06	-66.0015
25.07	-66.0625
25.08	-66.1846
25.09	-65.9709
25.1	-65.9709
25.11	-66.0625
25.12	-66.0015
25.13	-66.0015
25.14	-66.0625
25.15	-65.9099
25.16	-66.032
25.17	-66.093
25.18	-65.9709
25.19	-66.032
25.2	-66.0625
25.21	-65.9404
25.22	-66.0015
25.23	-65.9404
25.24	-65.8794
25.25	-65.9709
25.26	-65.9709
25.27	-65.8489
25.28	-65.9709
25.29	-65.8794
25.3	-65.8794
25.31	-65.9709
25.32	-65.9099
25.33	-65.8489
25.34	-65.9709
25.35	-65.8794
25.36	-65.8794
25.37	-66.032
25.38	-65.8184
25.39	-65.8794
25.4	-65.9404
25.41	-65.7573
25.42	-65.9099
25.43	-65.9709
25.44	-65.7268
25.45	-65.9404
25.46	-65.9404
25.47	-65.7573
25.48	-65.9404
25.49	-65.8794
25.5	-65.7573
25.51	-65.9709
25.52	-65.8184
25.53	-65.7878
25.54	-65.9404
25.55	-65.7268
25.56	-65.7268
25.57	-65.8794
25.58	-65.7878
25.59	-65.7573
25.6	-65.8489
25.61	-65.6963
25.62	-65.7573
25.63	-65.7878
25.64	-65.6047
25.65	-65.6963
25.66	-65.6963
25.67	-65.6352
25.68	-65.7268
25.69	-65.6963
25.7	-65.5437
25.71	-65.6963
25.72	-65.6658
25.73	-65.5437
25.74	-65.6963
25.75	-65.6963
25.76	-65.6047
25.77	-65.7268
25.78	-65.6963
25.79	-65.5742
25.8	-65.6963
25.81	-65.6352
25.82	-65.5742
25.83	-65.7268
25.84	-65.5437
25.85	-65.5437
25.86	-65.6963
25.87	-65.5132
25.88	-65.5742
25.89	-65.6047
25.9	-65.4521
25.91	-65.6047
25.92	-65.6658
25.93	-65.4216
25.94	-65.5742
25.95	-65.6047
25.96	-65.4216
25.97	-65.6047
25.98	-65.5437
25.99	-65.3911
26	-65.6047
26.01	-65.4827
26.02	-65.4216
26.03	-65.5742
26.04	-65.4216
26.05	-65.4827
26.06	-65.6047
26.07	-65.3911
26.08	-65.4216
26.09	-65.5437
26.1	-65.3911
26.11	-65.3911
26.12	-65.4216
26.13	-65.269
26.14	-65.3911
26.15	-65.4216
26.16	-65.269
26.17	-65.4521
26.18	-65.4216
26.19	-65.3301
26.2	-65.4216
26.21	-65.3911
26.22	-65.208
26.23	-65.3606
26.24	-65.269
26.25	-65.208
26.26	-65.3301
26.27	-65.2995
26.28	-65.208
26.29	-65.3606
26.3	-65.2385
26.31	-65.269
26.32	-65.3606
26.33	-65.2995
26.34	-65.208
26.35	-65.3911
26.36	-65.1775
26.37	-65.2385
26.38	-65.3301
26.39	-65.1775
26.4	-65.2995
26.41	-65.3301
26.42	-65.0859
26.43	-65.2385
26.44	-65.269
26.45	-65.0859
26.46	-65.2995
26.47	-65.208
26.48	-65.0859
26.49	-65.2995
26.5	-65.2385
26.51	-65.1164
26.52	-65.2995
26.53	-65.1164
26.54	-65.1469
26.55	-65.2385
26.56	-65.0554
26.57	-65.1775
26.58	-65.208
26.59	-65.0554
26.6	-65.1164
26.61	-65.2385
26.62	-65.0249
26.63	-65.1775
26.64	-65.1775
26.65	-65.0554
26.66	-65.208
26.67	-65.1469
26.68	-65.0859
26.69	-65.1775
26.7	-65.1469
26.71	-65.0554
26.72	-65.1164
26.73	-65.0859
26.74	-65.0554
26.75	-65.1469
26.76	-65.0249
26.77	-64.9944
26.78	-65.1775
26.79	-65.0859
26.8	-65.0249
26.81	-65.1469
26.82	-64.9944
26.83	-64.9944
26.84	-65.1469
26.85	-64.9944
26.86	-64.9333
26.87	-65.0554
26.88	-64.9028
26.89	-64.9944
26.9	-65.0249
26.91	-64.8723
26.92	-64.9638
26.93	-64.9638
26.94	-64.7502
26.95	-64.9944
26.96	-64.9333
26.97	-64.8723
26.98	-65.0249
26.99	-64.9028
27	-64.8418
27.01	-64.9944
27.02	-64.8723
27.03	-64.8418
27.04	-64.9028
27.05	-64.7807
27.06	-64.8418
27.07	-64.9028
27.08	-64.8112
27.09	-64.8418
27.1	-64.8723
27.11	-64.7807
27.12	-64.8418
27.13	-64.9333
27.14	-64.8112
27.15	-64.9028
27.16	-64.8723
27.17	-64.7197
27.18	-64.8418
27.19	-64.8112
27.2	-64.6892
27.21	-64.8723
27.22	-64.8418
27.23	-64.7807
27.24	-64.8418
27.25	-64.7502
27.26	-64.7197
27.27	-64.8112
27.28	-64.7197
27.29	-64.7197
27.3	-64.8418
27.31	-64.7502
27.32	-64.6892
27.33	-64.8418
27.34	-64.6587
27.35	-64.7197
27.36	-64.7807
27.37	-64.6587
27.38	-64.7807
27.39	-64.8418
27.4	-64.5976
27.41	-64.8112
27.42	-64.7502
27.43	-64.5671
27.44	-64.8112
27.45	-64.6892
27.46	-64.5671
27.47	-64.7502
27.48	-64.5976
27.49	-64.5366
27.5	-64.6892
27.51	-64.5061
27.52	-64.5366
27.53	-64.6587
27.54	-64.5366
27.55	-64.6281
27.56	-64.7197
27.57	-64.4755
27.58	-64.6281
27.59	-64.6587
27.6	-64.4755
27.61	-64.5976
27.62	-64.5671
27.63	-64.4755
27.64	-64.5671
27.65	-64.5671
27.66	-64.4755
27.67	-64.5671
27.68	-64.5366
27.69	-64.445
27.7	-64.5671
27.71	-64.5366
27.72	-64.4145
27.73	-64.5671
27.74	-64.445
27.75	-64.384
27.76	-64.5671
27.77	-64.384
27.78	-64.384
27.79	-64.5366
27.8	-64.445
27.81	-64.445
27.82	-64.5366
27.83	-64.3535
27.84	-64.445
27.85	-64.4755
27.86	-64.3229
27.87	-64.445
27.88	-64.445
27.89	-64.2924
27.9	-64.445
27.91	-64.4755
27.92	-64.2619
27.93	-64.4145
27.94	-64.3535
27.95	-64.2619
27.96	-64.445
27.97	-64.2619
27.98	-64.2619
27.99	-64.445
28	-64.2009
28.01	-64.2924
28.02	-64.3229
28.03	-64.1398
28.04	-64.2619
28.05	-64.2619
28.06	-64.2009
28.07	-64.3535
28.08	-64.2924
28.09	-64.1398
28.1	-64.2924
28.11	-64.2619
28.12	-64.1704
28.13	-64.2619
28.14	-64.2619
28.15	-64.1093
28.16	-64.1704
28.17	-64.1093
28.18	-64.0483
28.19	-64.1704
28.2	-64.1398
28.21	-64.1093
28.22	-64.2009
28.23	-64.1704
28.24	-64.0788
28.25	-64.2314
28.26	-64.1093
28.27	-64.0483
28.28	-64.2009
28.29	-64.0483
28.3	-64.0788
28.31	-64.2314
28.32	-64.0483
28.33	-64.1093
28.34	-64.1398
28.35	-63.9262
28.36	-64.0788
28.37	-64.0483
28.38	-63.8957
28.39	-64.0788
28.4	-64.0788
28.41	-63.8957
28.42	-64.1093
28.43	-64.0178
28.44	-63.9262
28.45	-64.1704
28.46	-63.9567
28.47	-63.9262
28.48	-64.1093
28.49	-63.8652
28.5	-63.9567
28.51	-64.0483
28.52	-63.8957
28.53	-64.0178
28.54	-64.0788
28.55	-63.9262
28.56	-63.9872
28.57	-64.0178
28.58	-63.8652
28.59	-63.9262
28.6	-63.9872
28.61	-63.9262
28.62	-64.0178
28.63	-63.9567
28.64	-63.8652
28.65	-63.9567
28.66	-63.9567
28.67	-63.8347
28.68	-63.9262
28.69	-63.8957
28.7	-63.8347
28.71	-63.9872
28.72	-63.9872
28.73	-63.9262
28.74	-64.0178
28.75	-63.9262
28.76	-63.8347
28.77	-64.0178
28.78	-63.8347
28.79	-63.7736
28.8	-63.9567
28.81	-63.7736
28.82	-63.8652
28.83	-63.8957
28.84	-63.7126
28.85	-63.8347
28.86	-63.8347
28.87	-63.6821
28.88	-63.8957
28.89	-63.8347
28.9	-63.6515
28.91	-63.8347
28.92	-63.7431
28.93	-63.621
28.94	-63.8652
28.95	-63.7736
28.96	-63.7431
28.97	-63.9262
28.98	-63.6821
28.99	-63.7736
29	-63.8652
29.01	-63.7431
29.02	-63.7736
29.03	-63.8041
29.04	-63.621
29.05	-63.8347
29.06	-63.8041
29.07	-63.6821
29.08	-63.7736
29.09	-63.6821
29.1	-63.5295
29.11	-63.7126
29.12	-63.6821
29.13	-63.621
29.14	-63.6821
29.15	-63.621
29.16	-63.56
29.17	-63.6821
29.18	-63.5905
29.19	-63.4989
29.2	-63.7126
29.21	-63.56
29.22	-63.4989
29.23	-63.621
29.24	-63.56
29.25	-63.4989
29.26	-63.6821
29.27	-63.4684
29.28	-63.56
29.29	-63.5905
29.3	-63.4379
29.31	-63.56
29.32	-63.5905
29.33	-63.4379
29.34	-63.5905
29.35	-63.621
29.36	-63.4379
29.37	-63.7126
29.38	-63.5905
29.39	-63.3769
29.4	-63.621
29.41	-63.4989
29.42	-63.4379
29.43	-63.621
29.44	-63.4989
29.45	-63.4684
29.46	-63.56
29.47	-63.4379
29.48	-63.4379
29.49	-63.5295
29.5	-63.3769
29.51	-63.4684
29.52	-63.4989
29.53	-63.3464
29.54	-63.4379
29.55	-63.4379
29.56	-63.2853
29.57	-63.4684
29.58	-63.4074
29.59	-63.3158
29.6	-63.4379
29.61	-63.3769
29.62	-63.2853
29.63	-63.3769
29.64	-63.3769
29.65	-63.2548
29.66	-63.3464
29.67	-63.3158
29.68	-63.2243
29.69	-63.4074
29.7	-63.3158
29.71	-63.2243
29.72	-63.4074
29.73	-63.3158
29.74	-63.3158
29.75	-63.4074
29.76	-63.2243
29.77	-63.1938
29.78	-63.3769
29.79	-63.1632
29.8	-63.2548
29.81	-63.3158
29.82	-63.1022
29.83	-63.2548
29.84	-63.2243
29.85	-63.1022
29.86	-63.2548
29.87	-63.1938
29.88	-63.0412
29.89	-63.2853
29.9	-63.1632
29.91	-63.1327
29.92	-63.3464
29.93	-63.0717
29.94	-63.1327
29.95	-63.2243
29.96	-63.0412
29.97	-63.1632
29.98	-63.2243
29.99	-63.1022
30	-63.1938
30.01	-63.1632
30.02	-63.0412
30.03	-63.1938
30.04	-63.1632
30.05	-62.9496
30.06	-63.1022
30.07	-63.1022
30.08	-63.0107
30.09	-63.1022
30.1	-63.0717
30.11	-62.9801
30.12	-63.1938
30.13	-63.1632
30.14	-63.1327
30.15	-63.1632
30.16	-63.0717
30.17	-63.1022
30.18	-63.1938
30.19	-63.0717
30.2	-63.0717
30.21	-63.1938
30.22	-63.0107
30.23	-63.0107
30.24	-63.1022
30.25	-62.9191
30.26	-62.9191
30.27	-63.0412
30.28	-62.8886
30.29	-62.9801
30.3	-63.0107
30.31	-62.8275
30.32	-62.9801
30.33	-62.9496
30.34	-62.797
30.35	-62.9496
30.36	-62.9496
30.37	-62.8275
30.38	-63.0412
30.39	-62.8581
30.4	-62.8886
30.41	-63.0412
30.42	-62.8275
30.43	-62.8275
30.44	-63.0107
30.45	-62.797
30.46	-62.8275
30.47	-62.9496
30.48	-62.736
30.49	-62.8581
30.5	-62.9496
30.51	-62.736
30.52	-62.8886
30.53	-62.8581
30.54	-62.736
30.55	-62.8275
30.56	-62.797
30.57	-62.736
30.58	-62.8581
30.59	-62.8581
30.6	-62.8275
30.61	-62.9191
30.62	-62.797
30.63	-62.7055
30.64	-62.797
30.65	-62.736
30.66	-62.6749
30.67	-62.8275
30.68	-62.6444
30.69	-62.6444
30.7	-62.736
30.71	-62.6139
30.72	-62.5224
30.73	-62.6749
30.74	-62.5529
30.75	-62.6749
30.76	-62.736
30.77	-62.5834
30.78	-62.736
30.79	-62.7665
30.8	-62.5529
30.81	-62.736
30.82	-62.736
30.83	-62.5834
30.84	-62.736
30.85	-62.6444
30.86	-62.5834
30.87	-62.736
30.88	-62.6139
30.89	-62.4918
30.9	-62.7055
30.91	-62.5224
30.92	-62.5529
30.93	-62.736
30.94	-62.5224
30.95	-62.5834
30.96	-62.7665
30.97	-62.4918
30.98	-62.5834
30.99	-62.5834
31	-62.4918
31.01	-62.5529
31.02	-62.6139
31.03	-62.4613
31.04	-62.5834
31.05	-62.5529
31.06	-62.4308
31.07	-62.5529
31.08	-62.5224
31.09	-62.4308
31.1	-62.5224
31.11	-62.5224
31.12	-62.4003
31.13	-62.4918
31.14	-62.4613
31.15	-62.3698
31.16	-62.5224
31.17	-62.4003
31.18	-62.4003
31.19	-62.5224
31.2	-62.4003
31.21	-62.4003
31.22	-62.4918
31.23	-62.3087
31.24	-62.4308
31.25	-62.5224
31.26	-62.2782
31.27	-62.4308
31.28	-62.5224
31.29	-62.2477
31.3	-62.4308
31.31	-62.4613
31.32	-62.3087
31.33	-62.4613
31.34	-62.4308
31.35	-62.2782
31.36	-62.5529
31.37	-62.3087
31.38	-62.3087
31.39	-62.4613
31.4	-62.2782
31.41	-62.2782
31.42	-62.4003
31.43	-62.2477
31.44	-62.3392
31.45	-62.3698
31.46	-62.1867
31.47	-62.3087
31.48	-62.3087
31.49	-62.1867
31.5	-62.2477
31.51	-62.2477
31.52	-62.1561
31.53	-62.2477
31.54	-62.1867
31.55	-62.0646
31.56	-62.2172
31.57	-62.1561
31.58	-62.0951
31.59	-62.2172
31.6	-62.0646
31.61	-62.0341
31.62	-62.1561
31.63	-62.0646
31.64	-62.0341
31.65	-62.2172
31.66	-62.0951
31.67	-62.0035
31.68	-62.1256
31.69	-61.973
31.7	-62.0035
31.71	-62.0951
31.72	-61.912
31.73	-61.9425
31.74	-62.0951
31.75	-61.9425
31.76	-61.973
31.77	-62.0341
31.78	-61.8509
31.79	-62.0035
31.8	-61.973
31.81	-61.8509
31.82	-62.0341
31.83	-62.0035
31.84	-61.8204
31.85	-62.0341
31.86	-61.8509
31.87	-61.8815
31.88	-62.0341
31.89	-61.912
31.9	-61.8509
31.91	-62.0341
31.92	-61.7899
31.93	-61.912
31.94	-61.912
31.95	-61.7899
31.96	-61.8509
31.97	-61.912
31.98	-61.7899
31.99	-61.912
32	-61.8815
32.01	-61.7899
32.02	-61.9425
32.03	-61.8815
32.04	-61.7899
32.05	-61.8815
32.06	-61.8204
32.07	-61.7899
32.08	-61.9425
32.09	-61.8204
32.1	-61.8204
32.11	-61.912
32.12	-61.8509
32.13	-61.7594
32.14	-61.9425
32.15	-61.7899
32.16	-61.7594
32.17	-61.9425
32.18	-61.7594
32.19	-61.7594
32.2	-61.912
32.21	-61.7289
32.22	-61.7594
32.23	-61.8509
32.24	-61.6678
32.25	-61.7594
32.26	-61.8815
32.27	-61.6373
32.28	-61.7899
32.29	-61.7899
32.3	-61.6068
32.31	-61.8204
32.32	-61.7289
32.33	-61.6678
32.34	-61.8815
32.35	-61.7899
32.36	-61.6984
32.37	-61.8815
32.38	-61.6068
32.39	-61.6373
32.4	-61.7899
32.41	-61.6984
32.42	-61.6984
32.43	-61.7899
32.44	-61.5763
32.45	-61.7594
32.46	-61.7899
32.47	-61.6678
32.48	-61.7594
32.49	-61.7899
32.5	-61.6373
32.51	-61.7594
32.52	-61.6984
32.53	-61.6068
32.54	-61.7594
32.55	-61.6678
32.56	-61.5763
32.57	-61.6068
32.58	-61.6068
32.59	-61.5458
32.6	-61.5458
32.61	-61.5458
32.62	-61.4847
32.63	-61.5763
32.64	-61.4542
32.65	-61.4847
32.66	-61.6068
32.67	-61.4237
32.68	-61.4542
32.69	-61.5458
32.7	-61.3627
32.71	-61.3932
32.72	-61.5458
32.73	-61.3321
32.74	-61.4542
32.75	-61.4542
32.76	-61.3016
32.77	-61.4542
32.78	-61.5152
32.79	-61.3016
32.8	-61.4542
32.81	-61.3627
32.82	-61.2711
32.83	-61.4237
32.84	-61.3321
32.85	-61.3627
32.86	-61.4542
32.87	-61.3627
32.88	-61.3932
32.89	-61.4237
32.9	-61.3016
32.91	-61.4542
32.92	-61.4847
32.93	-61.3016
32.94	-61.4847
32.95	-61.4542
32.96	-61.3321
32.97	-61.3932
32.98	-61.3321
32.99	-61.2406
33	-61.4237
33.01	-61.3627
33.02	-61.1795
33.03	-61.3016
33.04	-61.2406
33.05	-61.149
33.06	-61.3321
33.07	-61.1795
33.08	-61.1185
33.09	-61.3016
33.1	-61.1795
33.11	-61.088
33.12	-61.2406
33.13	-61.0269
33.14	-61.0575
33.15	-61.1795
33.16	-60.9964
33.17	-61.0575
33.18	-61.149
33.19	-61.0269
33.2	-61.0269
33.21	-61.088
33.22	-60.9049
33.23	-60.9964
33.24	-61.0575
33.25	-60.8438
33.26	-61.088
33.27	-61.088
33.28	-60.9354
33.29	-61.0575
33.3	-60.9659
33.31	-60.8744
33.32	-61.0575
33.33	-60.9049
33.34	-60.8744
33.35	-61.0575
33.36	-60.8133
33.37	-60.8133
33.38	-60.9659
33.39	-60.7523
33.4	-60.8438
33.41	-60.9049
33.42	-60.7523
33.43	-60.8744
33.44	-60.8744
33.45	-60.7828
33.46	-60.9354
33.47	-60.8438
33.48	-60.7218
33.49	-60.8744
33.5	-60.8438
33.51	-60.7523
33.52	-60.9049
33.53	-60.7828
33.54	-60.7218
33.55	-60.8438
33.56	-60.7523
33.57	-60.6912
33.58	-60.7828
33.59	-60.7523
33.6	-60.6607
33.61	-60.7828
33.62	-60.5997
33.63	-60.6607
33.64	-60.7523
33.65	-60.5997
33.66	-60.5997
33.67	-60.7218
33.68	-60.5997
33.69	-60.5997
33.7	-60.6912
33.71	-60.5081
33.72	-60.6302
33.73	-60.6607
33.74	-60.5081
33.75	-60.6607
33.76	-60.5997
33.77	-60.5387
33.78	-60.6912
33.79	-60.5387
33.8	-60.4471
33.81	-60.7218
33.82	-60.5387
33.83	-60.4776
33.84	-60.7218
33.85	-60.4166
33.86	-60.5387
33.87	-60.5997
33.88	-60.4166
33.89	-60.5081
33.9	-60.5387
33.91	-60.3861
33.92	-60.5387
33.93	-60.5997
33.94	-60.3861
33.95	-60.5081
33.96	-60.4776
33.97	-60.3861
33.98	-60.5387
33.99	-60.4776
34	-60.3861
34.01	-60.5081
34.02	-60.3861
34.03	-60.3861
34.04	-60.4471
34.05	-60.3555
34.06	-60.325
34.07	-60.4776
34.08	-60.3555
34.09	-60.2945
34.1	-60.3555
34.11	-60.264
34.12	-60.2335
34.13	-60.325
34.14	-60.1724
34.15	-60.2029
34.16	-60.2945
34.17	-60.1419
34.18	-60.2029
34.19	-60.325
34.2	-60.1724
34.21	-60.2945
34.22	-60.264
34.23	-60.1419
34.24	-60.2945
34.25	-60.1724
34.26	-60.0504
34.27	-60.2335
34.28	-60.1114
34.29	-59.9893
34.3	-60.2029
34.31	-60.1114
34.32	-60.0198
34.33	-60.2029
34.34	-59.9893
34.35	-60.0809
34.36	-60.2029
34.37	-60.0198
34.38	-60.1114
34.39	-60.1419
34.4	-59.9588
34.41	-60.0809
34.42	-60.0809
34.43	-59.9588
34.44	-60.0504
34.45	-60.0504
34.46	-59.8978
34.47	-60.0504
34.48	-60.0198
34.49	-59.8978
34.5	-60.0198
34.51	-59.9283
34.52	-59.8978
34.53	-60.0198
34.54	-59.8367
34.55	-59.8367
34.56	-59.9588
34.57	-59.8672
34.58	-59.8062
34.59	-59.8978
34.6	-59.7757
34.61	-59.7757
34.62	-59.8672
34.63	-59.7147
34.64	-59.8062
34.65	-59.8672
34.66	-59.6841
34.67	-59.7757
34.68	-59.8367
34.69	-59.6841
34.7	-59.8367
34.71	-59.7757
34.72	-59.6536
34.73	-59.7757
34.74	-59.7452
34.75	-59.5926
34.76	-59.7147
34.77	-59.6536
34.78	-59.5926
34.79	-59.8367
34.8	-59.7147
34.81	-59.6536
34.82	-59.7757
34.83	-59.6536
34.84	-59.6536
34.85	-59.7452
34.86	-59.4705
34.87	-59.5926
34.88	-59.6536
34.89	-59.44
34.9	-59.5315
34.91	-59.5926
34.92	-59.3789
34.93	-59.5315
34.94	-59.44
34.95	-59.3179
34.96	-59.4705
34.97	-59.44
34.98	-59.2874
34.99	-59.3789
35	-59.2874
35.01	-59.2874
35.02	-59.2874
35.03	-59.1653
35.04	-59.1348
35.05	-59.2874
35.06	-59.1653
35.07	-59.1653
35.08	-59.2569
35.09	-59.0432
35.1	-59.0738
35.11	-59.1043
35.12	-58.9517
35.13	-58.9822
35.14	-59.0738
35.15	-58.8296
35.16	-58.8907
35.17	-58.9212
35.18	-58.6465
35.19	-58.7686
35.2	-58.677
35.21	-58.5244
35.22	-58.6465
35.23	-58.4939
35.24	-58.3413
35.25	-58.4634
35.26	-58.2498
35.27	-58.0056
35.28	-58.0361
35.29	-57.5173
35.3	-56.9375
35.31	-56.2661
35.32	-54.8317
35.33	-53.2752
35.34	-51.4136
35.35	-49.0332
35.36	-46.7138
35.37	-44.0587
35.38	-41.1289
35.39	-38.1991
35.4	-34.9336
35.41	-30.9967
35.42	-26.8462
35.43	-21.6886
35.44	-15.8901
35.45	-9.84741
35.46	-3.19437
35.47	3.21451
35.48	9.10459
35.49	14.5979
35.5	19.4809
35.51	23.5398
35.52	27.2021
35.53	30.2844
35.54	32.7259
35.55	34.9232
35.56	36.6933
35.57	37.9751
35.58	39.2264
35.59	40.0809
35.6	40.7218
35.61	41.3321
35.62	41.6373
35.63	41.6373
35.64	41.7899
35.65	41.6678
35.66	41.4847
35.67	41.3932
35.68	40.9049
35.69	40.5387
35.7	40.1724
35.71	39.5315
35.72	39.0127
35.73	38.4939
35.74	37.6699
35.75	37.1511
35.76	36.4797
35.77	35.4115
35.78	34.7096
35.79	33.8246
35.8	32.8785
35.81	32.1461
35.82	31.1084
35.83	30.0403
35.84	29.2163
35.85	28.1787
35.86	27.0495
35.87	26.195
35.88	25.0352
35.89	23.9671
35.9	23.0821
35.91	21.8613
35.92	20.9153
35.93	19.9387
35.94	18.7484
35.95	17.8024
35.96	16.8868
35.97	15.6661
35.98	14.781
35.99	13.7434
36	12.5837
36.01	11.6987
36.02	10.661
36.03	9.56236
36.04	8.61629
36.05	7.57866
36.06	6.41896
36.07	5.53392
36.08	4.40474
36.09	3.30607
36.1	2.48207
36.11	1.47496
36.12	0.345775
36.13	-0.539262
36.14	-1.63793
36.15	-2.67556
36.16	-3.49956
36.17	-4.65926
36.18	-5.75793
36.19	-6.61245
36.2	-7.80267
36.21	-8.80978
36.22	-9.78637
36.23	-10.9766
36.24	-11.8311
36.25	-12.7772
36.26	-13.9979
36.27	-14.883
36.28	-15.8596
36.29	-17.0803
36.3	-17.8738
36.31	-19.003
36.32	-20.0711
36.33	-20.9256
36.34	-22.0853
36.35	-23.0619
36.36	-23.9775
36.37	-25.0761
36.38	-26.0833
36.39	-26.9988
36.4	-28.189
36.41	-29.1351
36.42	-30.1117
36.43	-31.3324
36.44	-32.2785
36.45	-33.2551
36.46	-34.4148
36.47	-35.3609
36.48	-36.3375
36.49	-37.5582
36.5	-38.3822
36.51	-39.4198
36.52	-40.427
36.53	-41.312
36.54	-42.2275
36.55	-43.1736
36.56	-43.845
36.57	-44.7606
36.58	-45.6456
36.59	-46.2865
36.6	-47.08
36.61	-47.843
36.62	-48.3618
36.63	-49.1858
36.64	-49.8267
36.65	-50.2234
36.66	-50.9253
36.67	-51.4441
36.68	-51.8104
36.69	-52.4818
36.7	-52.8175
36.71	-53.1837
36.72	-53.8246
36.73	-54.0687
36.74	-54.3739
36.75	-54.9538
36.76	-55.0453
36.77	-55.381
36.78	-55.8693
36.79	-55.9914
36.8	-56.2966
36.81	-56.6628
36.82	-56.7238
36.83	-57.029
36.84	-57.3342
36.85	-57.3952
36.86	-57.792
36.87	-57.9141
36.88	-58.0056
36.89	-58.3108
36.9	-58.4329
36.91	-58.5549
36.92	-58.8296
36.93	-58.8601
36.94	-59.0432
36.95	-59.2264
36.96	-59.3484
36.97	-59.4705
36.98	-59.6841
36.99	-59.7147
37	-59.8367
37.01	-60.0504
37.02	-60.0504
37.03	-60.1419
37.04	-60.2945
37.05	-60.264
37.06	-60.4166
37.07	-60.5081
37.08	-60.4471
37.09	-60.5387
37.1	-60.7828
37.11	-60.6607
37.12	-60.8438
37.13	-61.0269
37.14	-60.9049
37.15	-61.2101
37.16	-61.2406
37.17	-61.1185
37.18	-61.3321
37.19	-61.3321
37.2	-61.2406
37.21	-61.5458
37.22	-61.4542
37.23	-61.4237
37.24	-61.6068
37.25	-61.4847
37.26	-61.5458
37.27	-61.7594
37.28	-61.5458
37.29	-61.6984
37.3	-61.8204
37.31	-61.6678
37.32	-61.7899
37.33	-61.8509
37.34	-61.7289
37.35	-61.9425
37.36	-61.8815
37.37	-61.8509
37.38	-62.0646
37.39	-62.0035
37.4	-61.9425
37.41	-62.0951
37.42	-62.0341
37.43	-62.0341
37.44	-62.1256
37.45	-62.1256
37.46	-62.1256
37.47	-62.1561
37.48	-62.2172
37.49	-62.1256
37.5	-62.2782
37.51	-62.2782
37.52	-62.2782
37.53	-62.4308
37.54	-62.2782
37.55	-62.3087
37.56	-62.4308
37.57	-62.2782
37.58	-62.3698
37.59	-62.4613
37.6	-62.2782
37.61	-62.4308
37.62	-62.4613
37.63	-62.2172
37.64	-62.5224
37.65	-62.4308
37.66	-62.3392
37.67	-62.4613
37.68	-62.4003
37.69	-62.3698
37.7	-62.4918
37.71	-62.3087
37.72	-62.3698
37.73	-62.5224
37.74	-62.3698
37.75	-62.4003
37.76	-62.6139
37.77	-62.4003
37.78	-62.4918
37.79	-62.5224
37.8	-62.3392
37.81	-62.5224
37.82	-62.5529
37.83	-62.4003
37.84	-62.5834
37.85	-62.4613
37.86	-62.3698
37.87	-62.4918
37.88	-62.4308
37.89	-62.3392
37.9	-62.4918
37.91	-62.4308
37.92	-62.4308
37.93	-62.4918
37.94	-62.4308
37.95	-62.3392
37.96	-62.4613
37.97	-62.3698
37.98	-62.4003
37.99	-62.4613
38	-62.3698
38.01	-62.3698
38.02	-62.4613
38.03	-62.2782
38.04	-62.2782
38.05	-62.3392
38.06	-62.2172
38.07	-62.2782
38.08	-62.4003
38.09	-62.2172
38.1	-62.4003
38.11	-62.4308
38.12	-62.2172
38.13	-62.4003
38.14	-62.3392
38.15	-62.2172
38.16	-62.4918
38.17	-62.3698
38.18	-62.2477
38.19	-62.4613
38.2	-62.3087
38.21	-62.3087
38.22	-62.4918
38.23	-62.3698
38.24	-62.3698
38.25	-62.4308
38.26	-62.2782
38.27	-62.3698
38.28	-62.3698
38.29	-62.1867
38.3	-62.3392
38.31	-62.3392
38.32	-62.2172
38.33	-62.3392
38.34	-62.3392
38.35	-62.2172
38.36	-62.3698
38.37	-62.2782
38.38	-62.2477
38.39	-62.3087
38.4	-62.2172
38.41	-62.1561
38.42	-62.3087
38.43	-62.1867
38.44	-62.2477
38.45	-62.2782
38.46	-62.2172
38.47	-62.1561
38.48	-62.3087
38.49	-62.1561
38.5	-62.2172
38.51	-62.3392
38.52	-62.1867
38.53	-62.2477
38.54	-62.3087
38.55	-62.1256
38.56	-62.1867
38.57	-62.3087
38.58	-62.2172
38.59	-62.3087
38.6	-62.2782
38.61	-62.1256
38.62	-62.2782
38.63	-62.2172
38.64	-62.0646
38.65	-62.2477
38.66	-62.2172
38.67	-62.1256
38.68	-62.2782
38.69	-62.1561
38.7	-62.0951
38.71	-62.3392
38.72	-62.1561
38.73	-62.2172
38.74	-62.2782
38.75	-62.0951
38.76	-62.2172
38.77	-62.3087
38.78	-62.1256
38.79	-62.2172
38.8	-62.1867
38.81	-62.0646
38.82	-62.2782
38.83	-62.2477
38.84	-62.0951
38.85	-62.3087
38.86	-62.1867
38.87	-62.1256
38.88	-62.2782
38.89	-62.1867
38.9	-62.1867
38.91	-62.3087
38.92	-62.2172
38.93	-62.1256
38.94	-62.2782
38.95	-62.2172
38.96	-62.2172
38.97	-62.3392
38.98	-62.2477
38.99	-62.2172
39	-62.2782
39.01	-62.1867
39.02	-62.1561
39.03	-62.3087
39.04	-62.1561
39.05	-62.2477
39.06	-62.3087
39.07	-62.0951
39.08	-62.2477
39.09	-62.3087
39.1	-62.1256
39.11	-62.2782
39.12	-62.3087
39.13	-62.1256
39.14	-62.3698
39.15	-62.3087
39.16	-62.2172
39.17	-62.3698
39.18	-62.2172
39.19	-62.2172
39.2	-62.4003
39.21	-62.1867
39.22	-62.2172
39.23	-62.3698
39.24	-62.2172
39.25	-62.2477
39.26	-62.3392
39.27	-62.1256
39.28	-62.2782
39.29	-62.2477
39.3	-62.1256
39.31	-62.3392
39.32	-62.2477
39.33	-62.1867
39.34	-62.3087
39.35	-62.2782
39.36	-62.1561
39.37	-62.2782
39.38	-62.1561
39.39	-62.1561
39.4	-62.2172
39.41	-62.2172
39.42	-62.1561
39.43	-62.2782
39.44	-62.1867
39.45	-62.1867
39.46	-62.3392
39.47	-62.2782
39.48	-62.3087
39.49	-62.3392
39.5	-62.2172
39.51	-62.2782
39.52	-62.4003
39.53	-62.2477
39.54	-62.3392
39.55	-62.3392
39.56	-62.1867
39.57	-62.3087
39.58	-62.3087
39.59	-62.1256
39.6	-62.3087
39.61	-62.2782
39.62	-62.1561
39.63	-62.3087
39.64	-62.2477
39.65	-62.1867
39.66	-62.3392
39.67	-62.2477
39.68	-62.2477
39.69	-62.4003
39.7	-62.2477
39.71	-62.3087
39.72	-62.4613
39.73	-62.2172
39.74	-62.3392
39.75	-62.3698
39.76	-62.1867
39.77	-62.3392
39.78	-62.3392
39.79	-62.1561
39.8	-62.2782
39.81	-62.3087
39.82	-62.1561
39.83	-62.2782
39.84	-62.1867
39.85	-62.1256
39.86	-62.3087
39.87	-62.2782
39.88	-62.2477
39.89	-62.3392
39.9	-62.2477
39.91	-62.2477
39.92	-62.3392
39.93	-62.2172
39.94	-62.2477
39.95	-62.3698
39.96	-62.2172
39.97	-62.1867
39.98	-62.3392
39.99	-62.2172
40	-62.2477
40.01	-62.3698
40.02	-62.2172
40.03	-62.3392
40.04	-62.4308
40.05	-62.2477
40.06	-62.3698
40.07	-62.3087
40.08	-62.1867
40.09	-62.4003
40.1	-62.3698
40.11	-62.2477
40.12	-62.4613
40.13	-62.3698
40.14	-62.3087
40.15	-62.4308
40.16	-62.3087
40.17	-62.2782
40.18	-62.4613
40.19	-62.3087
40.2	-62.3392
40.21	-62.4613
40.22	-62.2477
40.23	-62.3698
40.24	-62.4613
40.25	-62.2782
40.26	-62.4003
40.27	-62.4308
40.28	-62.3392
40.29	-62.4918
40.3	-62.4308
40.31	-62.3392
40.32	-62.4613
40.33	-62.3698
40.34	-62.3392
40.35	-62.4918
40.36	-62.4003
40.37	-62.4003
40.38	-62.4613
40.39	-62.4003
40.4	-62.4308
40.41	-62.4613
40.42	-62.3698
40.43	-62.3698
40.44	-62.5224
40.45	-62.4308
40.46	-62.4308
40.47	-62.5224
40.48	-62.3698
40.49	-62.4613
40.5	-62.4613
40.51	-62.3392
40.52	-62.4613
40.53	-62.4308
40.54	-62.3392
40.55	-62.4308
40.56	-62.4613
40.57	-62.2782
40.58	-62.4613
40.59	-62.4308
40.6	-62.3087
40.61	-62.5224
40.62	-62.4613
40.63	-62.4003
40.64	-62.5224
40.65	-62.3392
40.66	-62.3698
40.67	-62.5224
40.68	-62.3392
40.69	-62.4918
40.7	-62.5529
40.71	-62.4003
40.72	-62.5224
40.73	-62.5224
40.74	-62.3392
40.75	-62.4918
40.76	-62.5224
40.77	-62.3698
40.78	-62.5224
40.79	-62.4308
40.8	-62.4003
40.81	-62.5224
40.82	-62.4308
40.83	-62.3698
40.84	-62.5224
40.85	-62.4003
40.86	-62.4003
40.87	-62.5224
40.88	-62.3698
40.89	-62.4003
40.9	-62.5224
40.91	-62.3698
40.92	-62.4003
40.93	-62.5224
40.94	-62.4003
40.95	-62.4308
40.96	-62.5529
40.97	-62.3698
40.98	-62.4308
40.99	-62.4918
41	-62.3392
41.01	-62.4613
41.02	-62.5224
41.03	-62.3087
41.04	-62.4613
41.05	-62.4003
41.06	-62.3087
41.07	-62.4918
41.08	-62.4918
41.09	-62.3392
41.1	-62.5224
41.11	-62.3698
41.12	-62.3392
41.13	-62.4918
41.14	-62.3698
41.15	-62.4003
41.16	-62.5834
41.17	-62.3698
41.18	-62.4918
41.19	-62.5834
41.2	-62.3392
41.21	-62.4613
41.22	-62.4918
41.23	-62.2782
41.24	-62.4613
41.25	-62.4918
41.26	-62.3698
41.27	-62.5529
41.28	-62.4918
41.29	-62.4003
41.3	-62.6139
41.31	-62.4308
41.32	-62.4613
41.33	-62.6139
41.34	-62.5224
41.35	-62.4003
41.36	-62.5529
41.37	-62.4918
41.38	-62.4308
41.39	-62.5529
41.4	-62.4613
41.41	-62.4613
41.42	-62.5529
41.43	-62.4613
41.44	-62.4918
41.45	-62.5529
41.46	-62.4003
41.47	-62.4918
41.48	-62.5529
41.49	-62.3698
41.5	-62.5224
41.51	-62.4918
41.52	-62.4003
41.53	-62.4613
41.54	-62.4613
41.55	-62.3698
41.56	-62.5834
41.57	-62.4613
41.58	-62.3698
41.59	-62.5529
41.6	-62.4308
41.61	-62.3087
41.62	-62.5834
41.63	-62.4003
41.64	-62.4003
41.65	-62.5834
41.66	-62.4003
41.67	-62.4308
41.68	-62.4918
41.69	-62.3087
41.7	-62.4918
41.71	-62.5529
41.72	-62.3392
41.73	-62.5529
41.74	-62.4613
41.75	-62.4003
41.76	-62.5834
41.77	-62.4918
41.78	-62.4308
41.79	-62.6444
41.8	-62.6139
41.81	-62.5529
41.82	-62.6749
41.83	-62.5224
41.84	-62.5224
41.85	-62.6749
41.86	-62.4918
41.87	-62.5529
41.88	-62.6444
41.89	-62.5224
41.9	-62.5529
41.91	-62.6139
41.92	-62.4918
41.93	-62.5224
41.94	-62.6444
41.95	-62.4918
41.96	-62.5834
41.97	-62.6749
41.98	-62.5224
41.99	-62.6139
42	-62.6444
42.01	-62.5224
42.02	-62.6444
42.03	-62.5834
42.04	-62.4613
42.05	-62.6444
42.06	-62.5834
42.07	-62.4918
42.08	-62.6749
42.09	-62.5224
42.1	-62.4613
42.11	-62.6139
42.12	-62.5224
42.13	-62.4308
42.14	-62.6444
42.15	-62.4003
42.16	-62.4918
42.17	-62.6749
42.18	-62.4308
42.19	-62.5834
42.2	-62.6444
42.21	-62.4613
42.22	-62.6139
42.23	-62.6139
42.24	-62.4613
42.25	-62.6444
42.26	-62.4918
42.27	-62.4918
42.28	-62.6444
42.29	-62.5224
42.3	-62.4918
42.31	-62.6444
42.32	-62.5224
42.33	-62.5224
42.34	-62.6444
42.35	-62.4613
42.36	-62.4918
42.37	-62.5834
42.38	-62.4918
42.39	-62.4613
42.4	-62.5529
42.41	-62.4308
42.42	-62.4308
42.43	-62.5224
42.44	-62.3698
42.45	-62.4613
42.46	-62.5224
42.47	-62.4308
42.48	-62.5529
42.49	-62.5529
42.5	-62.4003
42.51	-62.6139
42.52	-62.5834
42.53	-62.4308
42.54	-62.6444
42.55	-62.6139
42.56	-62.4613
42.57	-62.7055
42.58	-62.5529
42.59	-62.4918
42.6	-62.6749
42.61	-62.5224
42.62	-62.5224
42.63	-62.6749
42.64	-62.4613
42.65	-62.5834
42.66	-62.6444
42.67	-62.5224
42.68	-62.6139
42.69	-62.6749
42.7	-62.5224
42.71	-62.7055
42.72	-62.6444
42.73	-62.4918
42.74	-62.6444
42.75	-62.6139
42.76	-62.4918
42.77	-62.6749
42.78	-62.5529
42.79	-62.5224
42.8	-62.6749
42.81	-62.5834
42.82	-62.5529
42.83	-62.6444
42.84	-62.5224
42.85	-62.5834
42.86	-62.6444
42.87	-62.5529
42.88	-62.5834
42.89	-62.7055
42.9	-62.5529
42.91	-62.6139
42.92	-62.6444
42.93	-62.4918
42.94	-62.5529
42.95	-62.6139
42.96	-62.4308
42.97	-62.5529
42.98	-62.5529
42.99	-62.4003
43	-62.5224
43.01	-62.5529
43.02	-62.4613
43.03	-62.6444
43.04	-62.5834
43.05	-62.4918
43.06	-62.7055
43.07	-62.5224
43.08	-62.5529
43.09	-62.7055
43.1	-62.4918
43.11	-62.5529
43.12	-62.7055
43.13	-62.4918
43.14	-62.6444
43.15	-62.6749
43.16	-62.5224
43.17	-62.6444
43.18	-62.6139
43.19	-62.4613
43.2	-62.6444
43.21	-62.6139
43.22	-62.5224
43.23	-62.6749
43.24	-62.6139
43.25	-62.4613
43.26	-62.6749
43.27	-62.5834
43.28	-62.5834
43.29	-62.6444
43.3	-62.5529
43.31	-62.5224
43.32	-62.6444
43.33	-62.5224
43.34	-62.5529
43.35	-62.6749
43.36	-62.5834
43.37	-62.6139
43.38	-62.6444
43.39	-62.5224
43.4	-62.7055
43.41	-62.6444
43.42	-62.5224
43.43	-62.6749
43.44	-62.7055
43.45	-62.5529
43.46	-62.6139
43.47	-62.6749
43.48	-62.5224
43.49	-62.5834
43.5	-62.6444
43.51	-62.4308
43.52	-62.6444
43.53	-62.5834
43.54	-62.4918
43.55	-62.6749
43.56	-62.5834
43.57	-62.5834
43.58	-62.736
43.59	-62.5834
43.6	-62.5834
43.61	-62.7665
43.62	-62.5529
43.63	-62.6444
43.64	-62.7055
43.65	-62.5224
43.66	-62.6749
43.67	-62.736
43.68	-62.4918
43.69	-62.6444
43.7	-62.5834
43.71	-62.4613
43.72	-62.6139
43.73	-62.5224
43.74	-62.4918
43.75	-62.6444
43.76	-62.5529
43.77	-62.4918
43.78	-62.7055
43.79	-62.5224
43.8	-62.5224
43.81	-62.6749
43.82	-62.5529
43.83	-62.5834
43.84	-62.7055
43.85	-62.5224
43.86	-62.5529
43.87	-62.7055
43.88	-62.5529
43.89	-62.6444
43.9	-62.6749
43.91	-62.5834
43.92	-62.6139
43.93	-62.6749
43.94	-62.5529
43.95	-62.6749
43.96	-62.5834
43.97	-62.4613
43.98	-62.6444
43.99	-62.5834
44	-62.4613
44.01	-62.5834
44.02	-62.5834
44.03	-62.4613
44.04	-62.736
44.05	-62.5529
44.06	-62.4613
44.07	-62.6444
44.08	-62.4308
44.09	-62.4918
44.1	-62.6139
44.11	-62.4613
44.12	-62.5834
44.13	-62.7055
44.14	-62.4918
44.15	-62.6444
44.16	-62.6749
44.17	-62.4613
44.18	-62.6749
44.19	-62.6139
44.2	-62.5834
44.21	-62.736
44.22	-62.6444
44.23	-62.5224
44.24	-62.7055
44.25	-62.5834
44.26	-62.6444
44.27	-62.736
44.28	-62.5834
44.29	-62.5529
44.3	-62.7055
44.31	-62.5224
44.32	-62.5834
44.33	-62.6444
44.34	-62.5529
44.35	-62.6139
44.36	-62.5529
44.37	-62.4613
44.38	-62.5224
44.39	-62.5529
44.4	-62.4613
44.41	-62.5529
44.42	-62.6444
44.43	-62.4613
44.44	-62.6139
44.45	-62.5834
44.46	-62.4613
44.47	-62.6139
44.48	-62.6444
44.49	-62.4918
44.5	-62.6444
44.51	-62.6139
44.52	-62.5834
44.53	-62.7055
44.54	-62.5834
44.55	-62.4918
44.56	-62.7055
44.57	-62.4308
44.58	-62.5224
44.59	-62.6749
44.6	-62.4613
44.61	-62.5529
44.62	-62.6444
44.63	-62.4308
44.64	-62.5834
44.65	-62.6444
44.66	-62.4308
44.67	-62.6139
44.68	-62.5834
44.69	-62.5224
44.7	-62.6749
44.71	-62.6139
44.72	-62.5224
44.73	-62.6444
44.74	-62.4918
44.75	-62.4613
44.76	-62.6749
44.77	-62.5224
44.78	-62.5529
44.79	-62.5834
44.8	-62.5224
44.81	-62.4918
44.82	-62.5834
44.83	-62.4613
44.84	-62.5224
44.85	-62.6749
44.86	-62.4918
44.87	-62.5529
44.88	-62.6139
44.89	-62.4308
44.9	-62.5529
44.91	-62.5834
44.92	-62.3698
44.93	-62.5834
44.94	-62.5529
44.95	-62.4613
44.96	-62.5529
44.97	-62.5529
44.98	-62.4003
44.99	-62.6139
45	-62.5224
45.01	-62.4613
45.02	-62.6444
45.03	-62.5224
45.04	-62.4918
45.05	-62.7055
45.06	-62.5224
45.07	-62.4613
45.08	-62.6139
45.09	-62.4003
45.1	-62.5224
45.11	-62.6444
45.12	-62.4308
45.13	-62.5834
45.14	-62.5529
45.15	-62.4308
45.16	-62.5834
45.17	-62.5224
45.18	-62.4308
45.19	-62.5834
45.2	-62.5834
45.21	-62.4003
45.22	-62.6139
45.23	-62.4613
45.24	-62.4613
45.25	-62.5834
45.26	-62.5224
45.27	-62.4613
45.28	-62.5834
45.29	-62.4613
45.3	-62.4308
45.31	-62.4918
45.32	-62.4003
45.33	-62.4308
45.34	-62.4918
45.35	-62.3698
45.36	-62.4613
45.37	-62.5224
45.38	-62.3392
45.39	-62.4308
45.4	-62.4308
45.41	-62.3698
45.42	-62.4308
45.43	-62.4613
45.44	-62.3087
45.45	-62.4918
45.46	-62.4308
45.47	-62.3087
45.48	-62.5224
45.49	-62.4003
45.5	-62.3392
45.51	-62.5529
45.52	-62.4003
45.53	-62.3392
45.54	-62.5529
45.55	-62.3087
45.56	-62.3698
45.57	-62.5224
45.58	-62.3392
45.59	-62.4308
45.6	-62.5529
45.61	-62.3698
45.62	-62.5529
45.63	-62.5224
45.64	-62.3392
45.65	-62.4918
45.66	-62.4308
45.67	-62.3392
45.68	-62.5529
45.69	-62.4308
45.7	-62.4003
45.71	-62.5224
45.72	-62.3698
45.73	-62.4003
45.74	-62.5529
45.75	-62.4613
45.76	-62.4308
45.77	-62.4918
45.78	-62.4003
45.79	-62.3698
45.8	-62.5224
45.81	-62.4003
45.82	-62.4003
45.83	-62.4918
45.84	-62.4003
45.85	-62.4613
45.86	-62.5224
45.87	-62.3698
45.88	-62.4003
45.89	-62.4613
45.9	-62.3392
45.91	-62.4003
45.92	-62.4613
45.93	-62.2782
45.94	-62.4613
45.95	-62.4613
45.96	-62.3087
45.97	-62.4918
45.98	-62.3698
45.99	-62.3698
46	-62.4918
46.01	-62.3087
46.02	-62.3698
46.03	-62.5224
46.04	-62.3392
46.05	-62.3392
46.06	-62.4613
46.07	-62.3392
46.08	-62.3698
46.09	-62.4003
46.1	-62.2782
46.11	-62.4308
46.12	-62.4613
46.13	-62.3392
46.14	-62.4918
46.15	-62.4003
46.16	-62.3087
46.17	-62.4918
46.18	-62.4003
46.19	-62.3392
46.2	-62.4003
46.21	-62.3392
46.22	-62.2782
46.23	-62.3698
46.24	-62.2477
46.25	-62.2782
46.26	-62.3698
46.27	-62.2172
46.28	-62.2172
46.29	-62.2782
46.3	-62.1561
46.31	-62.2172
46.32	-62.3087
46.33	-62.2172
46.34	-62.3087
46.35	-62.3087
46.36	-62.1867
46.37	-62.3392
46.38	-62.3698
46.39	-62.2172
46.4	-62.2782
46.41	-62.4003
46.42	-62.2172
46.43	-62.3392
46.44	-62.3087
46.45	-62.1561
46.46	-62.4918
46.47	-62.3698
46.48	-62.3087
46.49	-62.5529
46.5	-62.3392
46.51	-62.3698
46.52	-62.4918
46.53	-62.3392
46.54	-62.3087
46.55	-62.4918
46.56	-62.1867
46.57	-62.3392
46.58	-62.4308
46.59	-62.2172
46.6	-62.4003
46.61	-62.3087
46.62	-62.1561
46.63	-62.3392
46.64	-62.2477
46.65	-62.2172
46.66	-62.4003
46.67	-62.2172
46.68	-62.1561
46.69	-62.2782
46.7	-62.2172
46.71	-62.1867
46.72	-62.3087
46.73	-62.2172
46.74	-62.2477
46.75	-62.3392
46.76	-62.2172
46.77	-62.2782
46.78	-62.3392
46.79	-62.1867
46.8	-62.2477
46.81	-62.2477
46.82	-62.1561
46.83	-62.2477
46.84	-62.2477
46.85	-62.1561
46.86	-62.2782
46.87	-62.3087
46.88	-62.1867
46.89	-62.3392
46.9	-62.3698
46.91	-62.1867
46.92	-62.4003
46.93	-62.2782
46.94	-62.2172
46.95	-62.3392
46.96	-62.2172
46.97	-62.1867
46.98	-62.3698
46.99	-62.2172
47	-62.1561
47.01	-62.3087
47.02	-62.1256
47.03	-62.1867
47.04	-62.2477
47.05	-62.0341
47.06	-62.2172
47.07	-62.2782
47.08	-62.0951
47.09	-62.2172
47.1	-62.2477
47.11	-62.0341
47.12	-62.2782
47.13	-62.1867
47.14	-62.0951
47.15	-62.2782
47.16	-62.1867
47.17	-62.1256
47.18	-62.2477
47.19	-62.1256
47.2	-62.1256
47.21	-62.2782
47.22	-62.1256
47.23	-62.1561
47.24	-62.2477
47.25	-62.1256
47.26	-62.2477
47.27	-62.2477
47.28	-62.1256
47.29	-62.2172
47.3	-62.2477
47.31	-62.2172
47.32	-62.2172
47.33	-62.2172
47.34	-62.0951
47.35	-62.1867
47.36	-62.1867
47.37	-62.0341
47.38	-62.1561
47.39	-62.1256
47.4	-62.0341
47.41	-62.2782
47.42	-62.0951
47.43	-62.0341
47.44	-62.1561
47.45	-62.0646
47.46	-62.0035
47.47	-62.1561
47.48	-62.0341
47.49	-62.0646
47.5	-62.1867
47.51	-61.973
47.52	-62.0646
47.53	-62.1561
47.54	-61.973
47.55	-62.1561
47.56	-62.1256
47.57	-62.0035
47.58	-62.1561
47.59	-62.0951
47.6	-61.9425
47.61	-62.1561
47.62	-62.0646
47.63	-62.0035
47.64	-62.1867
47.65	-62.0341
47.66	-61.973
47.67	-62.1867
47.68	-62.0341
47.69	-62.0951
47.7	-62.1867
47.71	-62.0341
47.72	-62.1561
47.73	-62.1867
47.74	-62.0646
47.75	-62.0951
47.76	-62.1561
47.77	-62.0341
47.78	-62.0646
47.79	-62.1256
47.8	-61.9425
47.81	-62.0951
47.82	-62.1561
47.83	-61.9425
47.84	-62.0951
47.85	-62.0341
47.86	-61.9425
47.87	-62.0646
47.88	-62.0646
47.89	-61.973
47.9	-62.1256
47.91	-62.0646
47.92	-61.9425
47.93	-62.0646
47.94	-62.0341
47.95	-61.973
47.96	-62.1867
47.97	-61.973
47.98	-62.0646
47.99	-62.1561
48	-62.0035
48.01	-62.0646
48.02	-62.1561
48.03	-61.973
48.04	-62.1561
48.05	-62.1561
48.06	-62.0035
48.07	-62.2172
48.08	-62.1867
48.09	-62.0646
48.1	-62.1561
48.11	-62.1256
48.12	-62.0035
48.13	-62.1256
48.14	-62.0341
48.15	-61.9425
48.16	-62.1256
48.17	-61.973
48.18	-62.0341
48.19	-62.1256
48.2	-62.0341
48.21	-62.0341
48.22	-62.1256
48.23	-62.0035
48.24	-62.0035
48.25	-62.0341
48.26	-61.9425
48.27	-61.973
48.28	-62.0646
48.29	-61.9425
48.3	-62.0341
48.31	-62.0035
48.32	-61.8815
48.33	-61.912
48.34	-62.0341
48.35	-61.912
48.36	-62.0646
48.37	-62.0035
48.38	-61.8815
48.39	-62.0035
48.4	-61.973
48.41	-61.9425
48.42	-62.0646
48.43	-61.912
48.44	-61.8815
48.45	-62.0646
48.46	-61.912
48.47	-61.912
48.48	-62.0951
48.49	-61.8815
48.5	-61.912
48.51	-62.0646
48.52	-61.8204
48.53	-62.0035
48.54	-62.0035
48.55	-61.8509
48.56	-61.9425
48.57	-61.9425
48.58	-61.7594
48.59	-62.0341
48.6	-61.9425
48.61	-61.8204
48.62	-62.0035
48.63	-61.8509
48.64	-61.7899
48.65	-61.973
48.66	-61.8204
48.67	-61.8815
48.68	-62.0035
48.69	-61.8815
48.7	-61.9425
48.71	-62.0035
48.72	-61.8509
48.73	-61.8815
48.74	-61.9425
48.75	-61.8204
48.76	-61.8815
48.77	-62.0035
48.78	-61.8204
48.79	-61.8815
48.8	-61.973
48.81	-61.8509
48.82	-62.0341
48.83	-61.973
48.84	-61.7899
48.85	-61.973
48.86	-61.912
48.87	-61.8204
48.88	-61.973
48.89	-61.912
48.9	-61.8509
48.91	-62.0035
48.92	-61.8509
48.93	-61.8509
48.94	-61.973
48.95	-61.8204
48.96	-61.8204
48.97	-61.9425
48.98	-61.7594
48.99	-61.7594
49	-61.8509
49.01	-61.6984
49.02	-61.8509
49.03	-61.8815
49.04	-61.6373
49.05	-61.8509
49.06	-61.7899
49.07	-61.6068
49.08	-61.8509
49.09	-61.8204
49.1	-61.6678
49.11	-61.8509
49.12	-61.7289
49.13	-61.7899
49.14	-61.912
49.15	-61.7594
49.16	-61.7594
49.17	-61.912
49.18	-61.7289
49.19	-61.8509
49.2	-61.8815
49.21	-61.7289
49.22	-61.7899
49.23	-61.8509
49.24	-61.6984
49.25	-61.7289
49.26	-61.7899
49.27	-61.6984
49.28	-61.7289
49.29	-61.7594
49.3	-61.6373
49.31	-61.7594
49.32	-61.7594
49.33	-61.6068
49.34	-61.8204
49.35	-61.7594
49.36	-61.6373
49.37	-61.8204
49.38	-61.7289
49.39	-61.6678
49.4	-61.912
49.41	-61.7289
49.42	-61.6984
49.43	-61.8204
49.44	-61.6373
49.45	-61.6373
49.46	-61.7899
49.47	-61.6373
49.48	-61.7289
49.49	-61.7899
49.5	-61.5763
49.51	-61.7289
49.52	-61.7289
49.53	-61.6068
49.54	-61.7594
49.55	-61.6678
49.56	-61.6068
49.57	-61.7594
49.58	-61.6068
49.59	-61.6678
49.6	-61.7899
49.61	-61.6373
49.62	-61.6068
49.63	-61.7899
49.64	-61.7594
49.65	-61.7289
49.66	-61.7899
49.67	-61.6373
49.68	-61.6984
49.69	-61.7899
49.7	-61.6068
49.71	-61.7289
49.72	-61.8204
49.73	-61.6068
49.74	-61.6678
49.75	-61.7289
49.76	-61.6678
49.77	-61.7899
49.78	-61.7289
49.79	-61.6373
49.8	-61.6984
49.81	-61.7289
49.82	-61.5763
49.83	-61.7594
49.84	-61.6678
49.85	-61.6068
49.86	-61.7594
49.87	-61.6678
49.88	-61.6373
49.89	-61.7594
49.9	-61.6984
49.91	-61.6678
49.92	-61.7594
49.93	-61.5458
49.94	-61.6373
49.95	-61.7289
49.96	-61.5458
49.97	-61.6678
49.98	-61.7289
49.99	-61.5763
50	-61.7289
50.01	-61.6984
50.02	-61.5763
50.03	-61.6984
50.04	-61.6678
50.05	-61.5152
50.06	-61.6984
50.07	-61.5458
50.08	-61.5458
50.09	-61.6984
50.1	-61.5152
50.11	-61.5152
50.12	-61.6678
50.13	-61.4847
50.14	-61.5763
50.15	-61.6373
50.16	-61.4542
50.17	-61.5152
50.18	-61.6678
50.19	-61.4542
50.2	-61.5763
50.21	-61.6373
50.22	-61.4847
50.23	-61.6068
50.24	-61.6068
50.25	-61.5152
50.26	-61.5152
50.27	-61.5458
50.28	-61.4237
50.29	-61.5763
50.3	-61.5763
50.31	-61.4542
50.32	-61.5763
50.33	-61.5458
50.34	-61.4847
50.35	-61.6678
50.36	-61.6068
50.37	-61.5152
50.38	-61.6373
50.39	-61.4847
50.4	-61.4847
50.41	-61.6678
50.42	-61.4542
50.43	-61.5458
50.44	-61.6678
50.45	-61.4542
50.46	-61.5458
50.47	-61.5763
50.48	-61.3932
50.49	-61.5458
50.5	-61.5458
50.51	-61.3321
50.52	-61.6068
50.53	-61.4847
50.54	-61.3932
50.55	-61.5763
50.56	-61.4542
50.57	-61.3932
50.58	-61.5763
50.59	-61.4237
50.6	-61.3627
50.61	-61.5152
50.62	-61.3016
50.63	-61.4237
50.64	-61.5152
50.65	-61.4237
50.66	-61.4542
50.67	-61.4542
50.68	-61.4237
50.69	-61.5152
50.7	-61.5152
50.71	-61.4237
50.72	-61.4847
50.73	-61.5152
50.74	-61.3321
50.75	-61.4237
50.76	-61.4847
50.77	-61.3627
50.78	-61.5152
50.79	-61.4237
50.8	-61.3627
50.81	-61.5458
50.82	-61.3932
50.83	-61.3321
50.84	-61.4847
50.85	-61.3321
50.86	-61.2711
50.87	-61.4542
50.88	-61.3321
50.89	-61.3016
50.9	-61.4542
50.91	-61.2711
50.92	-61.2711
50.93	-61.4237
50.94	-61.2406
50.95	-61.3321
50.96	-61.4237
50.97	-61.2406
50.98	-61.3932
50.99	-61.3627
51	-61.2406
51.01	-61.4542
51.02	-61.3321
51.03	-61.2406
51.04	-61.3932
51.05	-61.2406
51.06	-61.3016
51.07	-61.3932
51.08	-61.2406
51.09	-61.3016
51.1	-61.4237
51.11	-61.2406
51.12	-61.3321
51.13	-61.3932
51.14	-61.2711
51.15	-61.3627
51.16	-61.4542
51.17	-61.3321
51.18	-61.3627
51.19	-61.3321
51.2	-61.3016
51.21	-61.3016
51.22	-61.3932
51.23	-61.2406
51.24	-61.3321
51.25	-61.3321
51.26	-61.2406
51.27	-61.4237
51.28	-61.3932
51.29	-61.2711
51.3	-61.4237
51.31	-61.3321
51.32	-61.1795
51.33	-61.3627
51.34	-61.2101
51.35	-61.149
51.36	-61.3321
51.37	-61.1795
51.38	-61.2406
51.39	-61.3932
51.4	-61.1795
51.41	-61.2406
51.42	-61.3627
51.43	-61.149
51.44	-61.2711
51.45	-61.3016
51.46	-61.149
51.47	-61.3321
51.48	-61.3627
51.49	-61.1185
51.5	-61.3627
51.51	-61.2711
51.52	-61.1795
51.53	-61.3321
51.54	-61.2406
51.55	-61.149
51.56	-61.3016
51.57	-61.149
51.58	-61.149
51.59	-61.3016
51.6	-61.149
51.61	-61.2406
51.62	-61.3627
51.63	-61.149
51.64	-61.1795
51.65	-61.2406
51.66	-61.1185
51.67	-61.2406
51.68	-61.2101
51.69	-61.1185
51.7	-61.2406
51.71	-61.3016
51.72	-61.088
51.73	-61.2711
51.74	-61.1795
51.75	-61.1185
51.76	-61.2101
51.77	-61.149
51.78	-61.0575
51.79	-61.1795
51.8	-61.1795
51.81	-61.0269
51.82	-61.2101
51.83	-61.088
51.84	-60.9964
51.85	-61.1795
51.86	-61.0575
51.87	-61.088
51.88	-61.1795
51.89	-60.9964
51.9	-61.088
51.91	-61.1795
51.92	-60.9964
51.93	-61.0575
51.94	-61.1795
51.95	-60.9354
51.96	-61.149
51.97	-61.149
51.98	-60.9659
51.99	-61.1185
52	-61.0575
52.01	-60.9659
52.02	-61.088
52.03	-61.0269
52.04	-60.9964
52.05	-61.149
52.06	-60.9964
52.07	-60.9659
52.08	-61.088
52.09	-60.9659
52.1	-61.0269
52.11	-61.088
52.12	-60.9354
52.13	-61.0575
52.14	-61.1185
52.15	-60.9659
52.16	-60.9659
52.17	-60.9964
52.18	-60.9354
52.19	-61.0269
52.2	-61.0269
52.21	-60.9049
52.22	-61.0269
52.23	-60.9964
52.24	-60.9049
52.25	-61.0269
52.26	-60.9964
52.27	-60.8438
52.28	-61.088
52.29	-61.0575
52.3	-60.9354
52.31	-61.088
52.32	-60.9964
52.33	-60.9049
52.34	-61.1185
52.35	-60.9354
52.36	-60.8744
52.37	-61.0575
52.38	-60.8744
52.39	-60.9354
52.4	-61.0575
52.41	-60.8133
52.42	-60.9964
52.43	-61.088
52.44	-60.8438
52.45	-61.088
52.46	-61.0269
52.47	-60.8744
52.48	-61.088
52.49	-60.9964
52.5	-60.9354
52.51	-61.088
52.52	-60.9354
52.53	-60.9049
52.54	-61.088
52.55	-60.9354
52.56	-60.9354
52.57	-61.0269
52.58	-60.9659
52.59	-60.9354
52.6	-61.088
52.61	-60.8438
52.62	-60.9354
52.63	-60.9964
52.64	-60.9049
52.65	-60.9354
52.66	-61.0269
52.67	-60.8744
52.68	-61.0575
52.69	-60.9354
52.7	-60.8744
52.71	-61.0269
52.72	-60.9964
52.73	-60.9049
52.74	-60.9659
52.75	-60.9354
52.76	-60.7828
52.77	-60.9659
52.78	-60.9354
52.79	-60.8133
52.8	-60.9659
52.81	-60.8438
52.82	-60.7828
52.83	-60.9354
52.84	-60.8438
52.85	-60.8438
52.86	-60.9659
52.87	-60.7828
52.88	-60.8744
52.89	-60.9964
52.9	-60.7523
52.91	-60.9049
52.92	-60.8744
52.93	-60.7523
52.94	-60.9049
52.95	-60.8744
52.96	-60.6912
52.97	-60.9964
52.98	-60.8438
52.99	-60.7828
53	-60.9659
53.01	-60.8438
53.02	-60.7828
53.03	-60.9049
53.04	-60.8438
53.05	-60.7828
53.06	-60.9354
53.07	-60.7828
53.08	-60.8438
53.09	-60.9049
53.1	-60.7523
53.11	-60.7828
53.12	-60.9049
53.13	-60.7523
53.14	-60.8133
53.15	-60.8133
53.16	-60.6912
53.17	-60.8133
53.18	-60.9049
53.19	-60.7523
53.2	-60.8133
53.21	-60.7828
53.22	-60.6607
53.23	-60.7828
53.24	-60.7828
53.25	-60.6607
53.26	-60.8133
53.27	-60.6912
53.28	-60.6302
53.29	-60.7828
53.3	-60.6607
53.31	-60.6302
53.32	-60.8744
53.33	-60.5997
53.34	-60.7218
53.35	-60.8744
53.36	-60.6912
53.37	-60.7218
53.38	-60.8133
53.39	-60.6607
53.4	-60.7828
53.41	-60.8133
53.42	-60.6302
53.43	-60.8133
53.44	-60.8133
53.45	-60.6607
53.46	-60.8133
53.47	-60.7828
53.48	-60.7828
53.49	-60.9354
53.5	-60.8133
53.51	-60.7828
53.52	-60.9659
53.53	-60.8133
53.54	-60.7828
53.55	-60.9049
53.56	-60.7523
53.57	-60.8133
53.58	-60.8744
53.59	-60.7523
53.6	-60.7523
53.61	-60.8438
53.62	-60.6302
53.63	-60.7523
53.64	-60.7828
53.65	-60.6302
53.66	-60.7523
53.67	-60.7523
53.68	-60.6302
53.69	-60.7523
53.7	-60.6912
53.71	-60.5692
53.72	-60.7218
53.73	-60.6912
53.74	-60.6302
53.75	-60.7523
53.76	-60.6607
53.77	-60.5997
53.78	-60.7523
53.79	-60.5692
53.8	-60.5692
53.81	-60.7523
53.82	-60.5692
53.83	-60.5387
53.84	-60.7218
53.85	-60.5081
53.86	-60.6607
53.87	-60.7218
53.88	-60.5997
53.89	-60.6607
53.9	-60.6912
53.91	-60.5692
53.92	-60.7218
53.93	-60.6607
53.94	-60.5081
53.95	-60.6912
53.96	-60.5997
53.97	-60.4776
53.98	-60.7218
53.99	-60.5692
54	-60.5692
54.01	-60.7523
54.02	-60.5692
54.03	-60.5997
54.04	-60.6912
54.05	-60.4776
54.06	-60.5997
54.07	-60.6912
54.08	-60.5081
54.09	-60.6302
54.1	-60.6302
54.11	-60.4776
54.12	-60.6302
54.13	-60.5997
54.14	-60.5692
54.15	-60.6302
54.16	-60.6302
54.17	-60.5692
54.18	-60.6302
54.19	-60.6607
54.2	-60.5387
54.21	-60.7218
54.22	-60.6607
54.23	-60.6302
54.24	-60.6607
54.25	-60.6607
54.26	-60.5387
54.27	-60.6607
54.28	-60.5387
54.29	-60.5081
54.3	-60.6302
54.31	-60.4166
54.32	-60.5387
54.33	-60.5997
54.34	-60.4166
54.35	-60.4471
54.36	-60.5692
54.37	-60.4166
54.38	-60.5387
54.39	-60.5387
54.4	-60.4471
54.41	-60.6607
54.42	-60.5997
54.43	-60.4471
54.44	-60.6302
54.45	-60.5387
54.46	-60.4471
54.47	-60.6607
54.48	-60.4776
54.49	-60.5387
54.5	-60.6912
54.51	-60.5081
54.52	-60.5387
54.53	-60.6302
54.54	-60.5081
54.55	-60.5997
54.56	-60.6607
54.57	-60.5081
54.58	-60.5692
54.59	-60.5387
54.6	-60.4471
54.61	-60.5387
54.62	-60.5081
54.63	-60.4471
54.64	-60.5387
54.65	-60.5081
54.66	-60.4471
54.67	-60.5692
54.68	-60.5387
54.69	-60.4166
54.7	-60.5387
54.71	-60.5081
54.72	-60.4166
54.73	-60.5081
54.74	-60.4471
54.75	-60.3861
54.76	-60.5997
54.77	-60.3861
54.78	-60.3555
54.79	-60.5387
54.8	-60.3861
54.81	-60.4471
54.82	-60.5387
54.83	-60.3555
54.84	-60.4471
54.85	-60.4776
54.86	-60.325
54.87	-60.4471
54.88	-60.4471
54.89	-60.264
54.9	-60.4471
54.91	-60.4166
54.92	-60.2945
54.93	-60.4471
54.94	-60.3555
54.95	-60.264
54.96	-60.4776
54.97	-60.325
54.98	-60.2945
54.99	-60.4776
55	-60.2335
55.01	-60.264
55.02	-60.3861
55.03	-60.2335
55.04	-60.3555
55.05	-60.4166
55.06	-60.264
55.07	-60.3555
55.08	-60.4166
55.09	-60.2029
55.1	-60.3555
55.11	-60.3555
55.12	-60.2335
55.13	-60.3555
55.14	-60.3555
55.15	-60.2335
55.16	-60.3555
55.17	-60.325
55.18	-60.2945
55.19	-60.3555
55.2	-60.325
55.21	-60.2335
55.22	-60.325
55.23	-60.2945
55.24	-60.2029
55.25	-60.325
55.26	-60.2335
55.27	-60.1724
55.28	-60.3861
55.29	-60.1724
55.3	-60.2335
55.31	-60.3555
55.32	-60.1419
55.33	-60.2945
55.34	-60.264
55.35	-60.1114
55.36	-60.2945
55.37	-60.2335
55.38	-60.1419
55.39	-60.2335
55.4	-60.264
55.41	-60.1419
55.42	-60.2945
55.43	-60.2029
55.44	-60.0809
55.45	-60.325
55.46	-60.2029
55.47	-60.1419
55.48	-60.2945
55.49	-60.1419
55.5	-60.2335
55.51	-60.2335
55.52	-60.1114
55.53	-60.1419
55.54	-60.264
55.55	-60.1114
55.56	-60.2335
55.57	-60.2335
55.58	-60.1419
55.59	-60.1724
55.6	-60.2029
55.61	-60.0809
55.62	-60.1724
55.63	-60.1724
55.64	-60.1114
55.65	-60.1419
55.66	-60.1114
55.67	-60.0809
55.68	-60.264
55.69	-60.1724
55.7	-60.0198
55.71	-60.2029
55.72	-60.1419
55.73	-60.0504
55.74	-60.2029
55.75	-60.1114
55.76	-60.1114
55.77	-60.2029
55.78	-60.0504
55.79	-60.0504
55.8	-60.2029
55.81	-60.0198
55.82	-60.1419
55.83	-60.2029
55.84	-59.9893
55.85	-60.1419
55.86	-60.1419
55.87	-59.9588
55.88	-60.1419
55.89	-60.0809
55.9	-59.9283
55.91	-60.1419
55.92	-59.9283
55.93	-59.8978
55.94	-60.0809
55.95	-59.9283
55.96	-59.9283
55.97	-60.0809
55.98	-59.9588
55.99	-59.9588
56	-60.0809
56.01	-59.9893
56.02	-60.0504
56.03	-60.0198
56.04	-59.8672
56.05	-59.9893
56.06	-60.0198
56.07	-59.8978
56.08	-59.9588
56.09	-60.0198
56.1	-59.9893
56.11	-60.0198
56.12	-59.9893
56.13	-59.9588
56.14	-60.0504
56.15	-60.0198
56.16	-59.9283
56.17	-60.0504
56.18	-60.0504
56.19	-60.0198
56.2	-60.1419
56.21	-60.0198
56.22	-59.8978
56.23	-60.0809
56.24	-59.9588
56.25	-59.9283
56.26	-60.0809
56.27	-59.9588
56.28	-59.9283
56.29	-60.0198
56.3	-59.9588
56.31	-59.9893
56.32	-60.0809
56.33	-59.7757
56.34	-59.9588
56.35	-59.9588
56.36	-59.7757
56.37	-60.0198
56.38	-59.8978
56.39	-59.7757
56.4	-59.9588
56.41	-59.8672
56.42	-59.8367
56.43	-60.0504
56.44	-59.8367
56.45	-59.8367
56.46	-59.9283
56.47	-59.7757
56.48	-59.8367
56.49	-59.8978
56.5	-59.7757
56.51	-59.8978
56.52	-59.8672
56.53	-59.8062
56.54	-59.9283
56.55	-59.8672
56.56	-59.7147
56.57	-59.8672
56.58	-59.8978
56.59	-59.7757
56.6	-59.8672
56.61	-59.8367
56.62	-59.7147
56.63	-59.8672
56.64	-59.8062
56.65	-59.7757
56.66	-59.9283
56.67	-59.8062
56.68	-59.7757
56.69	-59.9893
56.7	-59.8367
56.71	-59.7147
56.72	-59.9283
56.73	-59.8062
56.74	-59.7147
56.75	-59.8978
56.76	-59.7757
56.77	-59.8062
56.78	-59.8978
56.79	-59.6841
56.8	-59.7452
56.81	-59.7757
56.82	-59.6231
56.83	-59.7757
56.84	-59.8062
56.85	-59.6231
56.86	-59.8062
56.87	-59.6841
56.88	-59.5926
56.89	-59.8367
56.9	-59.6231
56.91	-59.6536
56.92	-59.8978
56.93	-59.6231
56.94	-59.6841
56.95	-59.8367
56.96	-59.6841
56.97	-59.7452
56.98	-59.8062
56.99	-59.6841
57	-59.7452
57.01	-59.7147
57.02	-59.6231
57.03	-59.7757
57.04	-59.7452
57.05	-59.6231
57.06	-59.7452
57.07	-59.7452
57.08	-59.6231
57.09	-59.7452
57.1	-59.6841
57.11	-59.6231
57.12	-59.7147
57.13	-59.6536
57.14	-59.6536
57.15	-59.7147
57.16	-59.7147
57.17	-59.6536
57.18	-59.7757
57.19	-59.6536
57.2	-59.6231
57.21	-59.7452
57.22	-59.6536
57.23	-59.5621
57.24	-59.7452
57.25	-59.5926
57.26	-59.6231
57.27	-59.7452
57.28	-59.5621
57.29	-59.6536
57.3	-59.7452
57.31	-59.5621
57.32	-59.7147
57.33	-59.7452
57.34	-59.5315
57.35	-59.7147
57.36	-59.5926
57.37	-59.501
57.38	-59.7147
57.39	-59.5621
57.4	-59.5315
57.41	-59.6841
57.42	-59.5315
57.43	-59.4705
57.44	-59.6536
57.45	-59.501
57.46	-59.5621
57.47	-59.5926
57.48	-59.44
57.49	-59.5621
57.5	-59.6231
57.51	-59.4095
57.52	-59.5315
57.53	-59.5315
57.54	-59.4095
57.55	-59.4705
57.56	-59.501
57.57	-59.4095
57.58	-59.5315
57.59	-59.501
57.6	-59.4095
57.61	-59.4705
57.62	-59.44
57.63	-59.3484
57.64	-59.5315
57.65	-59.501
57.66	-59.3789
57.67	-59.5926
57.68	-59.4705
57.69	-59.4705
57.7	-59.5621
57.71	-59.44
57.72	-59.44
57.73	-59.5926
57.74	-59.44
57.75	-59.4705
57.76	-59.6231
57.77	-59.3789
57.78	-59.5315
57.79	-59.4705
57.8	-59.3179
57.81	-59.501
57.82	-59.4705
57.83	-59.2874
57.84	-59.501
57.85	-59.3484
57.86	-59.2264
57.87	-59.501
57.88	-59.3484
57.89	-59.3484
57.9	-59.5621
57.91	-59.3789
57.92	-59.4095
57.93	-59.4705
57.94	-59.3484
57.95	-59.4705
57.96	-59.5621
57.97	-59.4095
57.98	-59.501
57.99	-59.5926
58	-59.3789
58.01	-59.501
58.02	-59.501
58.03	-59.4095
58.04	-59.44
58.05	-59.44
58.06	-59.3484
58.07	-59.501
58.08	-59.501
58.09	-59.3484
58.1	-59.4705
58.11	-59.4095
58.12	-59.3179
58.13	-59.3789
58.14	-59.4095
58.15	-59.2874
58.16	-59.44
58.17	-59.3789
58.18	-59.4095
58.19	-59.5315
58.2	-59.3789
58.21	-59.3179
58.22	-59.44
58.23	-59.2874
58.24	-59.3484
58.25	-59.4095
58.26	-59.2264
58.27	-59.3179
58.28	-59.3484
58.29	-59.2264
58.3	-59.3789
58.31	-59.3789
58.32	-59.1958
58.33	-59.4095
58.34	-59.2874
58.35	-59.1653
58.36	-59.3484
58.37	-59.1958
58.38	-59.1653
58.39	-59.3484
58.4	-59.1348
58.41	-59.1348
58.42	-59.2874
58.43	-59.0738
58.44	-59.1348
58.45	-59.2874
58.46	-59.1043
58.47	-59.1043
58.48	-59.1958
58.49	-59.0432
58.5	-59.1958
58.51	-59.1348
58.52	-58.9517
58.53	-59.0127
58.54	-59.0127
58.55	-58.9517
58.56	-59.0127
58.57	-59.0432
58.58	-58.9517
58.59	-59.1043
58.6	-59.0432
58.61	-58.9822
58.62	-59.0432
58.63	-58.9822
58.64	-58.8907
58.65	-59.0127
58.66	-58.8907
58.67	-58.9822
58.68	-59.1348
58.69	-58.9822
58.7	-59.0127
58.71	-59.1653
58.72	-59.0127
58.73	-59.1043
58.74	-59.1043
58.75	-58.8907
58.76	-59.0738
58.77	-59.0127
58.78	-58.8907
58.79	-59.0432
58.8	-59.0432
58.81	-58.8907
58.82	-59.0738
58.83	-58.9517
58.84	-58.9212
58.85	-59.0738
58.86	-58.9517
58.87	-58.9517
58.88	-59.0738
58.89	-58.8601
58.9	-58.9822
58.91	-59.0738
58.92	-58.8601
58.93	-58.9517
58.94	-58.9822
58.95	-58.8907
58.96	-59.0127
58.97	-58.9822
58.98	-58.8296
58.99	-58.9822
59	-58.9517
59.01	-58.8296
59.02	-58.9212
59.03	-58.8601
59.04	-58.8296
59.05	-58.9517
59.06	-58.7991
59.07	-58.7991
59.08	-58.9822
59.09	-58.8296
59.1	-58.8296
59.11	-58.9517
59.12	-58.8907
59.13	-58.7686
59.14	-58.9212
59.15	-58.8296
59.16	-58.7991
59.17	-58.8907
59.18	-58.7686
59.19	-58.7686
59.2	-58.9517
59.21	-58.7686
59.22	-58.8601
59.23	-58.9212
59.24	-58.7381
59.25	-58.8601
59.26	-58.8907
59.27	-58.677
59.28	-58.8601
59.29	-58.7991
59.3	-58.6465
59.31	-58.9212
59.32	-58.7686
59.33	-58.5855
59.34	-58.7686
59.35	-58.5855
59.36	-58.5855
59.37	-58.7686
59.38	-58.5855
59.39	-58.5855
59.4	-58.7075
59.41	-58.5855
59.42	-58.6465
59.43	-58.7075
59.44	-58.5244
59.45	-58.6465
59.46	-58.616
59.47	-58.4329
59.48	-58.5549
59.49	-58.5549
59.5	-58.4024
59.51	-58.5549
59.52	-58.5549
59.53	-58.5244
59.54	-58.5855
59.55	-58.5244
59.56	-58.4634
59.57	-58.5855
59.58	-58.5244
59.59	-58.4634
59.6	-58.616
59.61	-58.4634
59.62	-58.3718
59.63	-58.4939
59.64	-58.4939
59.65	-58.3413
59.66	-58.4634
59.67	-58.3718
59.68	-58.4024
59.69	-58.5549
59.7	-58.3718
59.71	-58.4329
59.72	-58.4939
59.73	-58.2803
59.74	-58.3718
59.75	-58.4634
59.76	-58.2498
59.77	-58.4939
59.78	-58.4024
59.79	-58.2192
59.8	-58.4329
59.81	-58.2803
59.82	-58.2192
59.83	-58.4329
59.84	-58.2192
59.85	-58.2192
59.86	-58.4024
59.87	-58.2498
59.88	-58.2803
59.89	-58.2803
59.9	-58.1582
59.91	-58.2192
59.92	-58.2803
59.93	-58.1277
59.94	-58.2498
59.95	-58.2498
59.96	-58.1277
59.97	-58.1887
59.98	-58.1887
59.99	-58.0667
60	-58.1887
60.01	-58.1582
60.02	-57.9751
60.03	-58.1582
60.04	-58.0972
60.05	-57.9446
60.06	-57.853
60.07	-58.0667
60.08	-58.0667
60.09	-57.9446
60.1	-58.0972
60.11	-57.9751
60.12	-57.853
60.13	-57.9141
60.14	-57.853
60.15	-57.7004
60.16	-57.853
60.17	-57.792
60.18	-57.7309
60.19	-57.853
60.2	-57.6699
60.21	-57.6089
60.22	-57.7004
60.23	-57.6089
60.24	-57.5478
60.25	-57.6699
60.26	-57.4868
60.27	-57.5173
60.28	-57.5784
60.29	-57.4563
60.3	-57.4563
60.31	-57.4868
60.32	-57.3342
60.33	-57.3952
60.34	-57.4563
60.35	-57.2121
60.36	-57.3037
60.37	-57.3037
60.38	-57.1511
60.39	-57.2427
60.4	-57.1816
60.41	-57.0595
60.42	-57.2121
60.43	-57.0901
60.44	-56.8764
60.45	-56.9985
60.46	-56.7238
60.47	-56.6323
60.48	-56.7544
60.49	-56.4492
60.5	-56.205
60.51	-55.9304
60.52	-55.1064
60.53	-54.1603
60.54	-53.0006
60.55	-51.2
60.56	-49.491
60.57	-47.5072
60.58	-45.0658
60.59	-42.8074
60.6	-40.1828
60.61	-37.3446
60.62	-34.5369
60.63	-31.1798
60.64	-27.365
60.65	-23.3061
60.66	-18.179
60.67	-12.5636
60.68	-6.73452
60.69	-0.569781
60.7	5.38133
60.71	10.8441
60.72	15.9102
60.73	20.2438
60.74	24.0281
60.75	27.4767
60.76	30.1929
60.77	32.4512
60.78	34.496
60.79	36.0829
60.8	37.3037
60.81	38.5244
60.82	39.1958
60.83	39.8062
60.84	40.325
60.85	40.5692
60.86	40.6912
60.87	40.8744
60.88	40.6912
60.89	40.6302
60.9	40.4471
60.91	39.9893
60.92	39.7147
60.93	39.3484
60.94	38.7686
60.95	38.3413
60.96	37.853
60.97	36.9985
60.98	36.4797
60.99	35.7472
61	34.8317
61.01	34.3129
61.02	33.3668
61.03	32.3902
61.04	31.7798
61.05	30.7727
61.06	29.9182
61.07	29.1247
61.08	28.0261
61.09	27.141
61.1	26.2865
61.11	25.1268
61.12	24.2723
61.13	23.3872
61.14	22.197
61.15	21.3425
61.16	20.427
61.17	19.2673
61.18	18.3822
61.19	17.4361
61.2	16.2764
61.21	15.4219
61.22	14.3538
61.23	13.2856
61.24	12.4616
61.25	11.4545
61.26	10.2948
61.27	9.40977
61.28	8.40266
61.29	7.33451
61.3	6.54103
61.31	5.47288
61.32	4.37422
61.33	3.55022
61.34	2.45155
61.35	1.536
