0.43333
0.75417
0.70833
0.65592
0.62592
0.51876
0.45906
0.43905
0.41323
0.40582
0.39843
0.39662
0.38935
0.3768
0.36683
0.35928
0.35363
0.34929
0.34574
0.34209
0.33748
0.33183
0.32571
0.31988
0.31475
0.31017
0.30617
0.30271
0.29914
0.29468
0.28911
0.28278
0.2759
0.26879
0.26208
0.25643
0.25188
0.24788
0.2438
0.23924
0.23414
0.22893
0.22433
0.22062
0.21771
0.21526
0.21292
0.21017
0.20686
0.20322
0.19947
0.1962
0.19402
0.19266
0.19165
0.19091
0.19049
0.19044
0.19036
0.1901
0.18966
0.18917
0.18885
0.18835
0.18692
0.18428
0.18085
0.17703
0.17292
0.16727
0.16187
0.15651
0.15108
0.14552
0.1398
0.13391
0.12789
0.12178
0.11562
0.10945