0.43333
0.66231
0.65826
0.6117
0.57519
0.50337
0.45906
0.43905
0.41323
0.40582
0.39843
0.39662
0.393
0.37747
0.37139
0.38196
0.37217
0.34965
0.32678
0.32448
0.32035
0.30949
0.29646
0.30739
0.32284
0.33234
0.32358
0.32047
0.31087
0.27491
0.26632
0.27403
0.28215
0.27702
0.26229
0.23683
0.24216
0.24173
0.23774
0.24024
0.25279
0.26018
0.26071
0.28291
0.25018
0.23709
0.21953
0.21131
0.20467
0.19985
0.20434
0.20766
0.19771
0.18081
0.18622
0.19761
0.20608
0.18904
0.18654
0.20581
0.18488
0.19163
0.20088
0.17979
0.18889
0.19458
0.19576
0.20493
0.18131
0.17635
0.17032
0.16837
0.15973
0.13891
0.12296
0.1185
0.11942
0.12638
0.13833
0.095833