-32.000000
-9.390000
0.010000
0.500000
-65.000000
8.893343
20.000000
0.500000
-38.000000
-9.400000
0.010000
0.500000
-68.000000
8.800000
20.000000
0.500000
1.000000
-13.000000
3.000000
0.500000
0.000000
0.000000
0.000000
0.000000
-31.000000
-10.000000
1.000000
0.500000
-35.000000
8.000000
20.000000
0.500000
23.055829
118.842396
-30.000000
-30.000000
-10.000000
-10.000000
3.156886
14.916802
50.000000
1000.000000
1000.000000
3500.000000
6000.000000
100.000000
500.000000
800.000000
3000.000000
5000.000000
1.100000
0.000000
34.000000
60.000000
0.550000
0.050000
0.000000
0.000000
0.000000
0.000000
0.000000
