-31.000000
-9.118446
0.050000
0.500000
-65.000000
9.000000
15.000000
0.500000
-36.000000
-9.000000
0.100000
0.500000
-70.000000
9.000000
30.000000
0.500000
0.000000
-13.000000
1.000000
0.100000
0.000000
0.000000
0.000000
0.000000
-31.000000
-10.000000
2.000000
0.500000
-35.000000
8.000000
40.000000
0.500000
47.000000
115.430000
-30.000000
-30.000000
-10.000000
-10.000000
8.000000
40.000000
205.000000
2000.000000
1176.361550
3500.000000
5000.000000
60.000000
1000.000000
1236.801818
3000.000000
4000.000000
1.000000
0.000000
25.966800
40.208700
0.520000
0.103157
100.000000
28.000000
0.000000
0.000000
0.000000
