-35.000000
-7.000000
0.001000
0.500000
-56.000000
8.000000
6.000000
0.400000
-40.000000
-10.000000
0.100000
0.500000
-60.000000
8.000000
50.000000
0.500000
-1.000000
-11.000000
1.000000
0.300000
0.000000
0.000000
0.000000
0.000000
-30.000000
-10.000000
2.000000
0.500000
0.000000
8.000000
50.000000
0.500000
-35.000000
-10.000000
100.000000
0.500000
0.000000
8.000000
1000.000000
0.500000
50.000000
500.000000
500.000000
2000.000000
2500.000000
50.000000
80.000000
300.000000
1500.000000
3000.000000
2.000000
2.000000
80.000000
80.000000
600.000000
20.000000
10.000000
10.000000
3000.000000
8500.000000
100.000000
