-34.000000
-9.118446
0.080000
0.500000
-62.000000
8.000000
5.000000
0.500000
-39.000000
-9.000000
0.080000
0.500000
-64.000000
9.000000
40.000000
0.500000
0.000000
-13.000000
1.000000
0.200000
0.000000
0.000000
0.000000
0.000000
-31.000000
-10.000000
5.000000
0.500000
-35.000000
8.000000
40.000000
0.500000
47.000000
115.430000
-30.000000
-30.000000
-10.000000
-10.000000
20.000000
120.000000
150.000000
1500.000000
1176.361550
6500.000000
7000.000000
80.000000
800.000000
1236.801818
3000.000000
3500.000000
1.000000
0.000000
25.966800
40.208700
0.570817
0.103157
210.000000
3.000000
0.000000
0.000000
0.000000
